  0.39000E+01  0.89566E+00  0.33169E+00  0.37033E+00  0.15500E+01  0.67922E-01  0.65000E-03  0.10010E-24  0.95040E-26  0.79933E-13  0.79933E-13  0.79933E-13  0.60035E+00  0.13845E-12
  0.38999E+01  0.89605E+00  0.33184E+00  0.37033E+00  0.15500E+01  0.67922E-01  0.65000E-03  0.10010E-24  0.95047E-26  0.79935E-13  0.79938E-13  0.79935E-13  0.64863E+00  0.13845E-12
  0.38998E+01  0.89604E+00  0.33184E+00  0.37034E+00  0.15500E+01  0.67925E-01  0.65000E-03  0.10011E-24  0.95055E-26  0.79937E-13  0.79943E-13  0.79937E-13  0.64864E+00  0.13846E-12
  0.38898E+01  0.89662E+00  0.33232E+00  0.37064E+00  0.15504E+01  0.68037E-01  0.64998E-03  0.10057E-24  0.95648E-26  0.80143E-13  0.80339E-13  0.80021E-13  0.64958E+00  0.13885E-12
  0.38798E+01  0.89786E+00  0.33302E+00  0.37091E+00  0.15508E+01  0.68136E-01  0.64985E-03  0.10099E-24  0.96180E-26  0.80349E-13  0.80687E-13  0.80058E-13  0.65052E+00  0.13920E-12
  0.38698E+01  0.89911E+00  0.33373E+00  0.37117E+00  0.15511E+01  0.68236E-01  0.64970E-03  0.10140E-24  0.96717E-26  0.80557E-13  0.81036E-13  0.80095E-13  0.65145E+00  0.13954E-12
  0.38598E+01  0.90036E+00  0.33444E+00  0.37144E+00  0.15515E+01  0.68336E-01  0.64956E-03  0.10182E-24  0.97258E-26  0.80766E-13  0.81388E-13  0.80132E-13  0.65239E+00  0.13989E-12
  0.38498E+01  0.90162E+00  0.33515E+00  0.37171E+00  0.15518E+01  0.68436E-01  0.64940E-03  0.10224E-24  0.97804E-26  0.80975E-13  0.81741E-13  0.80169E-13  0.65333E+00  0.14023E-12
  0.38398E+01  0.90289E+00  0.33586E+00  0.37199E+00  0.15522E+01  0.68537E-01  0.64925E-03  0.10267E-24  0.98355E-26  0.81186E-13  0.82096E-13  0.80207E-13  0.65427E+00  0.14058E-12
  0.38298E+01  0.90416E+00  0.33658E+00  0.37226E+00  0.15525E+01  0.68639E-01  0.64909E-03  0.10310E-24  0.98911E-26  0.81398E-13  0.82452E-13  0.80245E-13  0.65522E+00  0.14094E-12
  0.38198E+01  0.90543E+00  0.33730E+00  0.37253E+00  0.15529E+01  0.68741E-01  0.64892E-03  0.10353E-24  0.99471E-26  0.81611E-13  0.82811E-13  0.80282E-13  0.65617E+00  0.14129E-12
  0.38098E+01  0.90670E+00  0.33802E+00  0.37281E+00  0.15532E+01  0.68843E-01  0.64875E-03  0.10397E-24  0.10004E-25  0.81826E-13  0.83171E-13  0.80321E-13  0.65713E+00  0.14165E-12
  0.37998E+01  0.90798E+00  0.33875E+00  0.37308E+00  0.15536E+01  0.68946E-01  0.64858E-03  0.10440E-24  0.10061E-25  0.82041E-13  0.83534E-13  0.80359E-13  0.65809E+00  0.14201E-12
  0.37898E+01  0.90927E+00  0.33948E+00  0.37336E+00  0.15539E+01  0.69050E-01  0.64840E-03  0.10485E-24  0.10118E-25  0.82257E-13  0.83898E-13  0.80398E-13  0.65905E+00  0.14237E-12
  0.37798E+01  0.91056E+00  0.34022E+00  0.37364E+00  0.15543E+01  0.69153E-01  0.64821E-03  0.10529E-24  0.10176E-25  0.82475E-13  0.84264E-13  0.80436E-13  0.66002E+00  0.14273E-12
  0.37698E+01  0.91185E+00  0.34095E+00  0.37391E+00  0.15546E+01  0.69258E-01  0.64802E-03  0.10574E-24  0.10235E-25  0.82694E-13  0.84633E-13  0.80475E-13  0.66099E+00  0.14310E-12
  0.37598E+01  0.91315E+00  0.34169E+00  0.37419E+00  0.15550E+01  0.69363E-01  0.64783E-03  0.10619E-24  0.10294E-25  0.82914E-13  0.85003E-13  0.80515E-13  0.66197E+00  0.14347E-12
  0.37498E+01  0.91445E+00  0.34244E+00  0.37447E+00  0.15553E+01  0.69468E-01  0.64763E-03  0.10664E-24  0.10353E-25  0.83135E-13  0.85375E-13  0.80554E-13  0.66295E+00  0.14384E-12
  0.37398E+01  0.91575E+00  0.34318E+00  0.37476E+00  0.15556E+01  0.69574E-01  0.64742E-03  0.10710E-24  0.10413E-25  0.83357E-13  0.85749E-13  0.80594E-13  0.66393E+00  0.14421E-12
  0.37298E+01  0.91706E+00  0.34393E+00  0.37504E+00  0.15560E+01  0.69680E-01  0.64721E-03  0.10756E-24  0.10474E-25  0.83581E-13  0.86125E-13  0.80633E-13  0.66492E+00  0.14459E-12
  0.37198E+01  0.91837E+00  0.34469E+00  0.37532E+00  0.15563E+01  0.69787E-01  0.64700E-03  0.10803E-24  0.10535E-25  0.83805E-13  0.86503E-13  0.80673E-13  0.66592E+00  0.14496E-12
  0.37098E+01  0.91969E+00  0.34544E+00  0.37561E+00  0.15566E+01  0.69894E-01  0.64678E-03  0.10850E-24  0.10597E-25  0.84031E-13  0.86883E-13  0.80714E-13  0.66691E+00  0.14534E-12
  0.36998E+01  0.92101E+00  0.34620E+00  0.37589E+00  0.15570E+01  0.70002E-01  0.64655E-03  0.10897E-24  0.10659E-25  0.84258E-13  0.87266E-13  0.80754E-13  0.66791E+00  0.14573E-12
  0.36898E+01  0.92234E+00  0.34697E+00  0.37618E+00  0.15573E+01  0.70110E-01  0.64632E-03  0.10944E-24  0.10722E-25  0.84487E-13  0.87650E-13  0.80795E-13  0.66892E+00  0.14611E-12
  0.36798E+01  0.92367E+00  0.34773E+00  0.37647E+00  0.15576E+01  0.70219E-01  0.64609E-03  0.10992E-24  0.10786E-25  0.84716E-13  0.88037E-13  0.80836E-13  0.66993E+00  0.14650E-12
  0.36698E+01  0.92500E+00  0.34850E+00  0.37676E+00  0.15579E+01  0.70328E-01  0.64584E-03  0.11040E-24  0.10849E-25  0.84947E-13  0.88425E-13  0.80877E-13  0.67094E+00  0.14689E-12
  0.36598E+01  0.92634E+00  0.34928E+00  0.37705E+00  0.15583E+01  0.70438E-01  0.64560E-03  0.11089E-24  0.10914E-25  0.85179E-13  0.88816E-13  0.80918E-13  0.67196E+00  0.14728E-12
  0.36498E+01  0.92768E+00  0.35005E+00  0.37734E+00  0.15586E+01  0.70549E-01  0.64534E-03  0.11138E-24  0.10979E-25  0.85413E-13  0.89209E-13  0.80959E-13  0.67299E+00  0.14768E-12
  0.36398E+01  0.92903E+00  0.35084E+00  0.37764E+00  0.15589E+01  0.70660E-01  0.64508E-03  0.11187E-24  0.11045E-25  0.85647E-13  0.89604E-13  0.81001E-13  0.67401E+00  0.14807E-12
  0.36298E+01  0.93038E+00  0.35162E+00  0.37793E+00  0.15592E+01  0.70771E-01  0.64482E-03  0.11237E-24  0.11111E-25  0.85883E-13  0.90001E-13  0.81043E-13  0.67505E+00  0.14847E-12
  0.36198E+01  0.93174E+00  0.35241E+00  0.37823E+00  0.15596E+01  0.70883E-01  0.64455E-03  0.11287E-24  0.11178E-25  0.86121E-13  0.90400E-13  0.81085E-13  0.67608E+00  0.14888E-12
  0.36098E+01  0.93310E+00  0.35320E+00  0.37852E+00  0.15599E+01  0.70995E-01  0.64427E-03  0.11337E-24  0.11246E-25  0.86359E-13  0.90802E-13  0.81128E-13  0.67713E+00  0.14928E-12
  0.35998E+01  0.93446E+00  0.35399E+00  0.37882E+00  0.15602E+01  0.71109E-01  0.64398E-03  0.11388E-24  0.11314E-25  0.86599E-13  0.91206E-13  0.81170E-13  0.67817E+00  0.14969E-12
  0.35898E+01  0.93583E+00  0.35479E+00  0.37912E+00  0.15605E+01  0.71222E-01  0.64369E-03  0.11439E-24  0.11383E-25  0.86840E-13  0.91612E-13  0.81213E-13  0.67923E+00  0.15010E-12
  0.35798E+01  0.93721E+00  0.35560E+00  0.37942E+00  0.15608E+01  0.71336E-01  0.64340E-03  0.11491E-24  0.11452E-25  0.87083E-13  0.92021E-13  0.81256E-13  0.68028E+00  0.15051E-12
  0.35698E+01  0.93859E+00  0.35640E+00  0.37972E+00  0.15611E+01  0.71451E-01  0.64310E-03  0.11543E-24  0.11522E-25  0.87327E-13  0.92432E-13  0.81299E-13  0.68134E+00  0.15093E-12
  0.35598E+01  0.93997E+00  0.35721E+00  0.38002E+00  0.15614E+01  0.71566E-01  0.64279E-03  0.11595E-24  0.11593E-25  0.87572E-13  0.92845E-13  0.81343E-13  0.68241E+00  0.15135E-12
  0.35498E+01  0.94136E+00  0.35803E+00  0.38033E+00  0.15617E+01  0.71682E-01  0.64247E-03  0.11648E-24  0.11665E-25  0.87819E-13  0.93260E-13  0.81386E-13  0.68348E+00  0.15177E-12
  0.35398E+01  0.94275E+00  0.35884E+00  0.38063E+00  0.15620E+01  0.71799E-01  0.64215E-03  0.11701E-24  0.11737E-25  0.88067E-13  0.93678E-13  0.81430E-13  0.68456E+00  0.15219E-12
  0.35298E+01  0.94415E+00  0.35966E+00  0.38094E+00  0.15624E+01  0.71916E-01  0.64182E-03  0.11755E-24  0.11810E-25  0.88316E-13  0.94098E-13  0.81474E-13  0.68564E+00  0.15262E-12
  0.35198E+01  0.94556E+00  0.36049E+00  0.38125E+00  0.15627E+01  0.72033E-01  0.64148E-03  0.11809E-24  0.11883E-25  0.88567E-13  0.94521E-13  0.81519E-13  0.68673E+00  0.15305E-12
  0.35098E+01  0.94696E+00  0.36132E+00  0.38156E+00  0.15630E+01  0.72151E-01  0.64114E-03  0.11863E-24  0.11957E-25  0.88820E-13  0.94946E-13  0.81563E-13  0.68782E+00  0.15348E-12
  0.34998E+01  0.94838E+00  0.36215E+00  0.38187E+00  0.15633E+01  0.72270E-01  0.64079E-03  0.11918E-24  0.12032E-25  0.89073E-13  0.95374E-13  0.81608E-13  0.68892E+00  0.15392E-12
  0.34898E+01  0.94979E+00  0.36299E+00  0.38218E+00  0.15636E+01  0.72389E-01  0.64044E-03  0.11974E-24  0.12108E-25  0.89329E-13  0.95804E-13  0.81653E-13  0.69003E+00  0.15435E-12
  0.34798E+01  0.95122E+00  0.36383E+00  0.38249E+00  0.15639E+01  0.72509E-01  0.64007E-03  0.12030E-24  0.12184E-25  0.89585E-13  0.96237E-13  0.81699E-13  0.69114E+00  0.15480E-12
  0.34698E+01  0.95264E+00  0.36468E+00  0.38280E+00  0.15642E+01  0.72630E-01  0.63970E-03  0.12086E-24  0.12261E-25  0.89844E-13  0.96672E-13  0.81744E-13  0.69225E+00  0.15524E-12
  0.34598E+01  0.95408E+00  0.36552E+00  0.38312E+00  0.15644E+01  0.72751E-01  0.63932E-03  0.12142E-24  0.12339E-25  0.90103E-13  0.97110E-13  0.81790E-13  0.69337E+00  0.15569E-12
  0.34498E+01  0.95551E+00  0.36638E+00  0.38344E+00  0.15647E+01  0.72873E-01  0.63893E-03  0.12200E-24  0.12417E-25  0.90364E-13  0.97550E-13  0.81836E-13  0.69450E+00  0.15614E-12
  0.34398E+01  0.95696E+00  0.36724E+00  0.38375E+00  0.15650E+01  0.72995E-01  0.63854E-03  0.12257E-24  0.12497E-25  0.90627E-13  0.97993E-13  0.81882E-13  0.69563E+00  0.15659E-12
  0.34298E+01  0.95840E+00  0.36810E+00  0.38407E+00  0.15653E+01  0.73118E-01  0.63814E-03  0.12315E-24  0.12577E-25  0.90891E-13  0.98439E-13  0.81929E-13  0.69677E+00  0.15705E-12
  0.34198E+01  0.95986E+00  0.36896E+00  0.38439E+00  0.15656E+01  0.73241E-01  0.63773E-03  0.12374E-24  0.12658E-25  0.91157E-13  0.98887E-13  0.81976E-13  0.69792E+00  0.15751E-12
  0.34098E+01  0.96131E+00  0.36983E+00  0.38472E+00  0.15659E+01  0.73366E-01  0.63731E-03  0.12433E-24  0.12739E-25  0.91425E-13  0.99338E-13  0.82023E-13  0.69907E+00  0.15797E-12
  0.33998E+01  0.96278E+00  0.37071E+00  0.38504E+00  0.15662E+01  0.73490E-01  0.63689E-03  0.12492E-24  0.12822E-25  0.91693E-13  0.99792E-13  0.82070E-13  0.70022E+00  0.15843E-12
  0.33898E+01  0.96425E+00  0.37158E+00  0.38536E+00  0.15665E+01  0.73616E-01  0.63645E-03  0.12552E-24  0.12905E-25  0.91964E-13  0.10025E-12  0.82117E-13  0.70139E+00  0.15890E-12
  0.33798E+01  0.96572E+00  0.37247E+00  0.38569E+00  0.15667E+01  0.73742E-01  0.63601E-03  0.12612E-24  0.12989E-25  0.92236E-13  0.10071E-12  0.82165E-13  0.70256E+00  0.15938E-12
  0.33698E+01  0.96720E+00  0.37335E+00  0.38602E+00  0.15670E+01  0.73869E-01  0.63556E-03  0.12673E-24  0.13074E-25  0.92510E-13  0.10117E-12  0.82213E-13  0.70373E+00  0.15985E-12
  0.33598E+01  0.96868E+00  0.37425E+00  0.38635E+00  0.15673E+01  0.73996E-01  0.63510E-03  0.12735E-24  0.13160E-25  0.92785E-13  0.10163E-12  0.82261E-13  0.70491E+00  0.16033E-12
  0.33498E+01  0.97017E+00  0.37514E+00  0.38668E+00  0.15676E+01  0.74124E-01  0.63463E-03  0.12797E-24  0.13246E-25  0.93062E-13  0.10210E-12  0.82310E-13  0.70610E+00  0.16081E-12
  0.33398E+01  0.97167E+00  0.37604E+00  0.38701E+00  0.15679E+01  0.74253E-01  0.63416E-03  0.12859E-24  0.13334E-25  0.93341E-13  0.10257E-12  0.82359E-13  0.70730E+00  0.16130E-12
  0.33298E+01  0.97317E+00  0.37695E+00  0.38734E+00  0.15681E+01  0.74383E-01  0.63367E-03  0.12922E-24  0.13422E-25  0.93621E-13  0.10305E-12  0.82408E-13  0.70850E+00  0.16179E-12
  0.33198E+01  0.97467E+00  0.37786E+00  0.38768E+00  0.15684E+01  0.74513E-01  0.63318E-03  0.12986E-24  0.13511E-25  0.93903E-13  0.10352E-12  0.82457E-13  0.70971E+00  0.16228E-12
  0.33098E+01  0.97619E+00  0.37877E+00  0.38801E+00  0.15687E+01  0.74644E-01  0.63268E-03  0.13050E-24  0.13601E-25  0.94187E-13  0.10400E-12  0.82507E-13  0.71093E+00  0.16277E-12
  0.32998E+01  0.97770E+00  0.37969E+00  0.38835E+00  0.15689E+01  0.74775E-01  0.63216E-03  0.13114E-24  0.13692E-25  0.94472E-13  0.10448E-12  0.82556E-13  0.71215E+00  0.16327E-12
  0.32898E+01  0.97923E+00  0.38061E+00  0.38869E+00  0.15692E+01  0.74907E-01  0.63164E-03  0.13179E-24  0.13784E-25  0.94759E-13  0.10497E-12  0.82606E-13  0.71338E+00  0.16377E-12
  0.32798E+01  0.98075E+00  0.38154E+00  0.38903E+00  0.15695E+01  0.75040E-01  0.63111E-03  0.13245E-24  0.13877E-25  0.95048E-13  0.10546E-12  0.82657E-13  0.71462E+00  0.16428E-12
  0.32698E+01  0.98229E+00  0.38247E+00  0.38937E+00  0.15697E+01  0.75174E-01  0.63057E-03  0.13311E-24  0.13971E-25  0.95339E-13  0.10595E-12  0.82707E-13  0.71586E+00  0.16479E-12
  0.32598E+01  0.98383E+00  0.38341E+00  0.38971E+00  0.15700E+01  0.75308E-01  0.63002E-03  0.13378E-24  0.14066E-25  0.95631E-13  0.10644E-12  0.82758E-13  0.71711E+00  0.16530E-12
  0.32498E+01  0.98537E+00  0.38435E+00  0.39006E+00  0.15703E+01  0.75443E-01  0.62946E-03  0.13445E-24  0.14162E-25  0.95926E-13  0.10694E-12  0.82809E-13  0.71837E+00  0.16582E-12
  0.32398E+01  0.98693E+00  0.38530E+00  0.39040E+00  0.15705E+01  0.75579E-01  0.62889E-03  0.13513E-24  0.14259E-25  0.96222E-13  0.10744E-12  0.82861E-13  0.71964E+00  0.16634E-12
  0.32298E+01  0.98848E+00  0.38625E+00  0.39075E+00  0.15708E+01  0.75715E-01  0.62831E-03  0.13581E-24  0.14356E-25  0.96520E-13  0.10795E-12  0.82912E-13  0.72091E+00  0.16686E-12
  0.32198E+01  0.99005E+00  0.38721E+00  0.39110E+00  0.15711E+01  0.75852E-01  0.62771E-03  0.13650E-24  0.14455E-25  0.96819E-13  0.10845E-12  0.82964E-13  0.72220E+00  0.16739E-12
  0.32098E+01  0.99162E+00  0.38817E+00  0.39145E+00  0.15713E+01  0.75990E-01  0.62711E-03  0.13720E-24  0.14555E-25  0.97121E-13  0.10897E-12  0.83017E-13  0.72349E+00  0.16792E-12
  0.31998E+01  0.99319E+00  0.38914E+00  0.39181E+00  0.15716E+01  0.76129E-01  0.62650E-03  0.13790E-24  0.14656E-25  0.97425E-13  0.10948E-12  0.83069E-13  0.72479E+00  0.16846E-12
  0.31898E+01  0.99477E+00  0.39011E+00  0.39216E+00  0.15718E+01  0.76269E-01  0.62588E-03  0.13861E-24  0.14758E-25  0.97730E-13  0.11000E-12  0.83122E-13  0.72609E+00  0.16900E-12
  0.31798E+01  0.99636E+00  0.39109E+00  0.39251E+00  0.15721E+01  0.76409E-01  0.62524E-03  0.13933E-24  0.14861E-25  0.98037E-13  0.11052E-12  0.83175E-13  0.72741E+00  0.16954E-12
  0.31698E+01  0.99796E+00  0.39207E+00  0.39287E+00  0.15723E+01  0.76550E-01  0.62460E-03  0.14005E-24  0.14965E-25  0.98347E-13  0.11104E-12  0.83228E-13  0.72873E+00  0.17009E-12
  0.31598E+01  0.99956E+00  0.39306E+00  0.39323E+00  0.15726E+01  0.76691E-01  0.62394E-03  0.14078E-24  0.15070E-25  0.98658E-13  0.11157E-12  0.83282E-13  0.73006E+00  0.17064E-12
  0.31498E+01  0.10012E+01  0.39405E+00  0.39359E+00  0.15728E+01  0.76834E-01  0.62327E-03  0.14151E-24  0.15177E-25  0.98971E-13  0.11210E-12  0.83336E-13  0.73141E+00  0.17119E-12
  0.31398E+01  0.10028E+01  0.39505E+00  0.39395E+00  0.15731E+01  0.76977E-01  0.62259E-03  0.14225E-24  0.15284E-25  0.99286E-13  0.11264E-12  0.83390E-13  0.73275E+00  0.17175E-12
  0.31298E+01  0.10044E+01  0.39605E+00  0.39432E+00  0.15733E+01  0.77121E-01  0.62190E-03  0.14300E-24  0.15393E-25  0.99604E-13  0.11317E-12  0.83444E-13  0.73411E+00  0.17231E-12
  0.31198E+01  0.10060E+01  0.39706E+00  0.39468E+00  0.15736E+01  0.77266E-01  0.62120E-03  0.14375E-24  0.15503E-25  0.99923E-13  0.11372E-12  0.83499E-13  0.73548E+00  0.17288E-12
  0.31098E+01  0.10076E+01  0.39807E+00  0.39505E+00  0.15738E+01  0.77412E-01  0.62048E-03  0.14451E-24  0.15613E-25  0.10024E-12  0.11426E-12  0.83554E-13  0.73686E+00  0.17345E-12
  0.30998E+01  0.10093E+01  0.39909E+00  0.39542E+00  0.15740E+01  0.77559E-01  0.61976E-03  0.14528E-24  0.15726E-25  0.10057E-12  0.11481E-12  0.83610E-13  0.73824E+00  0.17403E-12
  0.30898E+01  0.10109E+01  0.40012E+00  0.39579E+00  0.15743E+01  0.77706E-01  0.61902E-03  0.14605E-24  0.15839E-25  0.10089E-12  0.11536E-12  0.83665E-13  0.73964E+00  0.17461E-12
  0.30798E+01  0.10126E+01  0.40115E+00  0.39616E+00  0.15745E+01  0.77854E-01  0.61826E-03  0.14683E-24  0.15954E-25  0.10122E-12  0.11592E-12  0.83721E-13  0.74104E+00  0.17519E-12
  0.30698E+01  0.10142E+01  0.40218E+00  0.39654E+00  0.15748E+01  0.78003E-01  0.61750E-03  0.14762E-24  0.16070E-25  0.10155E-12  0.11648E-12  0.83778E-13  0.74246E+00  0.17578E-12
  0.30598E+01  0.10159E+01  0.40323E+00  0.39691E+00  0.15750E+01  0.78153E-01  0.61672E-03  0.14841E-24  0.16187E-25  0.10188E-12  0.11704E-12  0.83834E-13  0.74388E+00  0.17637E-12
  0.30498E+01  0.10176E+01  0.40427E+00  0.39729E+00  0.15752E+01  0.78304E-01  0.61593E-03  0.14921E-24  0.16305E-25  0.10222E-12  0.11761E-12  0.83891E-13  0.74532E+00  0.17697E-12
  0.30398E+01  0.10193E+01  0.40533E+00  0.39767E+00  0.15755E+01  0.78455E-01  0.61512E-03  0.15002E-24  0.16425E-25  0.10255E-12  0.11818E-12  0.83948E-13  0.74676E+00  0.17757E-12
  0.30298E+01  0.10209E+01  0.40639E+00  0.39805E+00  0.15757E+01  0.78608E-01  0.61430E-03  0.15084E-24  0.16546E-25  0.10289E-12  0.11876E-12  0.84006E-13  0.74822E+00  0.17818E-12
  0.30198E+01  0.10226E+01  0.40745E+00  0.39843E+00  0.15759E+01  0.78761E-01  0.61347E-03  0.15166E-24  0.16668E-25  0.10323E-12  0.11934E-12  0.84064E-13  0.74968E+00  0.17879E-12
  0.30098E+01  0.10243E+01  0.40852E+00  0.39882E+00  0.15761E+01  0.78915E-01  0.61262E-03  0.15250E-24  0.16792E-25  0.10357E-12  0.11992E-12  0.84122E-13  0.75116E+00  0.17940E-12
  0.29998E+01  0.10260E+01  0.40960E+00  0.39921E+00  0.15764E+01  0.79071E-01  0.61176E-03  0.15334E-24  0.16917E-25  0.10392E-12  0.12051E-12  0.84180E-13  0.75265E+00  0.18002E-12
  0.29898E+01  0.10278E+01  0.41068E+00  0.39959E+00  0.15766E+01  0.79227E-01  0.61089E-03  0.15418E-24  0.17044E-25  0.10427E-12  0.12110E-12  0.84239E-13  0.75415E+00  0.18065E-12
  0.29798E+01  0.10295E+01  0.41177E+00  0.39998E+00  0.15768E+01  0.79384E-01  0.61000E-03  0.15504E-24  0.17172E-25  0.10462E-12  0.12170E-12  0.84298E-13  0.75566E+00  0.18128E-12
  0.29698E+01  0.10312E+01  0.41287E+00  0.40038E+00  0.15770E+01  0.79541E-01  0.60909E-03  0.15590E-24  0.17301E-25  0.10497E-12  0.12230E-12  0.84357E-13  0.75718E+00  0.18191E-12
  0.29598E+01  0.10329E+01  0.41397E+00  0.40077E+00  0.15773E+01  0.79700E-01  0.60817E-03  0.15677E-24  0.17432E-25  0.10532E-12  0.12291E-12  0.84417E-13  0.75871E+00  0.18255E-12
  0.29498E+01  0.10347E+01  0.41508E+00  0.40117E+00  0.15775E+01  0.79860E-01  0.60724E-03  0.15765E-24  0.17565E-25  0.10568E-12  0.12352E-12  0.84477E-13  0.76026E+00  0.18320E-12
  0.29398E+01  0.10364E+01  0.41619E+00  0.40156E+00  0.15777E+01  0.80020E-01  0.60629E-03  0.15854E-24  0.17699E-25  0.10604E-12  0.12413E-12  0.84538E-13  0.76181E+00  0.18385E-12
  0.29298E+01  0.10382E+01  0.41731E+00  0.40196E+00  0.15779E+01  0.80182E-01  0.60532E-03  0.15943E-24  0.17834E-25  0.10640E-12  0.12475E-12  0.84598E-13  0.76338E+00  0.18450E-12
  0.29198E+01  0.10400E+01  0.41844E+00  0.40237E+00  0.15781E+01  0.80345E-01  0.60434E-03  0.16034E-24  0.17971E-25  0.10677E-12  0.12537E-12  0.84659E-13  0.76496E+00  0.18516E-12
  0.29098E+01  0.10417E+01  0.41958E+00  0.40277E+00  0.15784E+01  0.80508E-01  0.60334E-03  0.16125E-24  0.18110E-25  0.10713E-12  0.12600E-12  0.84721E-13  0.76656E+00  0.18582E-12
  0.28998E+01  0.10435E+01  0.42072E+00  0.40317E+00  0.15786E+01  0.80673E-01  0.60233E-03  0.16217E-24  0.18250E-25  0.10750E-12  0.12663E-12  0.84782E-13  0.76816E+00  0.18649E-12
  0.28898E+01  0.10453E+01  0.42186E+00  0.40358E+00  0.15788E+01  0.80838E-01  0.60129E-03  0.16310E-24  0.18392E-25  0.10788E-12  0.12726E-12  0.84844E-13  0.76978E+00  0.18717E-12
  0.28798E+01  0.10471E+01  0.42302E+00  0.40399E+00  0.15790E+01  0.81005E-01  0.60025E-03  0.16404E-24  0.18536E-25  0.10825E-12  0.12790E-12  0.84907E-13  0.77142E+00  0.18785E-12
  0.28698E+01  0.10489E+01  0.42418E+00  0.40440E+00  0.15792E+01  0.81172E-01  0.59918E-03  0.16499E-24  0.18681E-25  0.10863E-12  0.12855E-12  0.84970E-13  0.77307E+00  0.18853E-12
  0.28598E+01  0.10507E+01  0.42534E+00  0.40482E+00  0.15794E+01  0.81341E-01  0.59810E-03  0.16595E-24  0.18828E-25  0.10901E-12  0.12920E-12  0.85033E-13  0.77473E+00  0.18922E-12
  0.28498E+01  0.10525E+01  0.42652E+00  0.40523E+00  0.15796E+01  0.81510E-01  0.59699E-03  0.16692E-24  0.18976E-25  0.10939E-12  0.12986E-12  0.85096E-13  0.77640E+00  0.18992E-12
  0.28398E+01  0.10544E+01  0.42770E+00  0.40565E+00  0.15798E+01  0.81681E-01  0.59587E-03  0.16790E-24  0.19127E-25  0.10978E-12  0.13052E-12  0.85160E-13  0.77809E+00  0.19062E-12
  0.28298E+01  0.10562E+01  0.42889E+00  0.40607E+00  0.15800E+01  0.81852E-01  0.59474E-03  0.16888E-24  0.19279E-25  0.11016E-12  0.13118E-12  0.85224E-13  0.77980E+00  0.19133E-12
  0.28198E+01  0.10580E+01  0.43008E+00  0.40649E+00  0.15802E+01  0.82025E-01  0.59358E-03  0.16988E-24  0.19433E-25  0.11055E-12  0.13185E-12  0.85288E-13  0.78151E+00  0.19204E-12
  0.28098E+01  0.10599E+01  0.43129E+00  0.40692E+00  0.15804E+01  0.82199E-01  0.59240E-03  0.17088E-24  0.19589E-25  0.11095E-12  0.13253E-12  0.85353E-13  0.78325E+00  0.19276E-12
  0.27998E+01  0.10618E+01  0.43250E+00  0.40734E+00  0.15806E+01  0.82373E-01  0.59121E-03  0.17190E-24  0.19747E-25  0.11134E-12  0.13320E-12  0.85418E-13  0.78500E+00  0.19349E-12
  0.27898E+01  0.10636E+01  0.43372E+00  0.40777E+00  0.15808E+01  0.82549E-01  0.59000E-03  0.17293E-24  0.19906E-25  0.11174E-12  0.13389E-12  0.85484E-13  0.78677E+00  0.19422E-12
  0.27798E+01  0.10655E+01  0.43494E+00  0.40820E+00  0.15810E+01  0.82726E-01  0.58876E-03  0.17396E-24  0.20068E-25  0.11214E-12  0.13458E-12  0.85550E-13  0.78855E+00  0.19495E-12
  0.27698E+01  0.10674E+01  0.43617E+00  0.40864E+00  0.15812E+01  0.82904E-01  0.58751E-03  0.17501E-24  0.20232E-25  0.11255E-12  0.13528E-12  0.85616E-13  0.79035E+00  0.19570E-12
  0.27598E+01  0.10693E+01  0.43741E+00  0.40907E+00  0.15814E+01  0.83084E-01  0.58623E-03  0.17607E-24  0.20397E-25  0.11296E-12  0.13598E-12  0.85682E-13  0.79216E+00  0.19644E-12
  0.27498E+01  0.10712E+01  0.43866E+00  0.40951E+00  0.15816E+01  0.83264E-01  0.58494E-03  0.17713E-24  0.20565E-25  0.11337E-12  0.13668E-12  0.85749E-13  0.79399E+00  0.19720E-12
  0.27398E+01  0.10731E+01  0.43992E+00  0.40995E+00  0.15818E+01  0.83445E-01  0.58362E-03  0.17821E-24  0.20735E-25  0.11378E-12  0.13740E-12  0.85817E-13  0.79584E+00  0.19796E-12
  0.27298E+01  0.10750E+01  0.44118E+00  0.41039E+00  0.15820E+01  0.83628E-01  0.58228E-03  0.17930E-24  0.20906E-25  0.11420E-12  0.13811E-12  0.85884E-13  0.79771E+00  0.19873E-12
  0.27198E+01  0.10770E+01  0.44245E+00  0.41084E+00  0.15822E+01  0.83812E-01  0.58092E-03  0.18040E-24  0.21080E-25  0.11462E-12  0.13884E-12  0.85953E-13  0.79960E+00  0.19950E-12
  0.27098E+01  0.10789E+01  0.44373E+00  0.41128E+00  0.15824E+01  0.83997E-01  0.57954E-03  0.18151E-24  0.21256E-25  0.11504E-12  0.13956E-12  0.86021E-13  0.80150E+00  0.20028E-12
  0.26998E+01  0.10808E+01  0.44502E+00  0.41173E+00  0.15825E+01  0.84183E-01  0.57813E-03  0.18264E-24  0.21435E-25  0.11547E-12  0.14030E-12  0.86090E-13  0.80343E+00  0.20107E-12
  0.26898E+01  0.10828E+01  0.44631E+00  0.41218E+00  0.15827E+01  0.84370E-01  0.57671E-03  0.18377E-24  0.21615E-25  0.11590E-12  0.14104E-12  0.86159E-13  0.80537E+00  0.20186E-12
  0.26798E+01  0.10848E+01  0.44762E+00  0.41264E+00  0.15829E+01  0.84559E-01  0.57525E-03  0.18492E-24  0.21798E-25  0.11633E-12  0.14178E-12  0.86229E-13  0.80733E+00  0.20266E-12
  0.26698E+01  0.10868E+01  0.44893E+00  0.41309E+00  0.15831E+01  0.84749E-01  0.57378E-03  0.18608E-24  0.21983E-25  0.11677E-12  0.14254E-12  0.86299E-13  0.80931E+00  0.20347E-12
  0.26598E+01  0.10887E+01  0.45025E+00  0.41355E+00  0.15833E+01  0.84940E-01  0.57228E-03  0.18725E-24  0.22171E-25  0.11720E-12  0.14329E-12  0.86369E-13  0.81132E+00  0.20428E-12
  0.26498E+01  0.10907E+01  0.45158E+00  0.41401E+00  0.15834E+01  0.85132E-01  0.57076E-03  0.18843E-24  0.22361E-25  0.11765E-12  0.14406E-12  0.86440E-13  0.81334E+00  0.20510E-12
  0.26398E+01  0.10927E+01  0.45292E+00  0.41448E+00  0.15836E+01  0.85326E-01  0.56921E-03  0.18963E-24  0.22553E-25  0.11809E-12  0.14483E-12  0.86511E-13  0.81539E+00  0.20593E-12
  0.26298E+01  0.10948E+01  0.45426E+00  0.41494E+00  0.15838E+01  0.85520E-01  0.56764E-03  0.19084E-24  0.22748E-25  0.11854E-12  0.14561E-12  0.86582E-13  0.81746E+00  0.20676E-12
  0.26198E+01  0.10968E+01  0.45562E+00  0.41541E+00  0.15840E+01  0.85717E-01  0.56604E-03  0.19206E-24  0.22945E-25  0.11899E-12  0.14639E-12  0.86654E-13  0.81955E+00  0.20760E-12
  0.26098E+01  0.10988E+01  0.45698E+00  0.41588E+00  0.15841E+01  0.85914E-01  0.56441E-03  0.19329E-24  0.23145E-25  0.11945E-12  0.14718E-12  0.86727E-13  0.82167E+00  0.20845E-12
  0.25998E+01  0.11009E+01  0.45836E+00  0.41635E+00  0.15843E+01  0.86113E-01  0.56276E-03  0.19454E-24  0.23347E-25  0.11991E-12  0.14797E-12  0.86799E-13  0.82381E+00  0.20930E-12
  0.25898E+01  0.11029E+01  0.45974E+00  0.41683E+00  0.15845E+01  0.86313E-01  0.56109E-03  0.19580E-24  0.23552E-25  0.12037E-12  0.14877E-12  0.86872E-13  0.82597E+00  0.21017E-12
  0.25798E+01  0.11050E+01  0.46113E+00  0.41731E+00  0.15847E+01  0.86514E-01  0.55938E-03  0.19708E-24  0.23760E-25  0.12084E-12  0.14958E-12  0.86946E-13  0.82816E+00  0.21104E-12
  0.25698E+01  0.11071E+01  0.46253E+00  0.41779E+00  0.15848E+01  0.86717E-01  0.55765E-03  0.19836E-24  0.23971E-25  0.12131E-12  0.15040E-12  0.87020E-13  0.83038E+00  0.21192E-12
  0.25598E+01  0.11092E+01  0.46394E+00  0.41827E+00  0.15850E+01  0.86921E-01  0.55588E-03  0.19967E-24  0.24184E-25  0.12178E-12  0.15122E-12  0.87094E-13  0.83262E+00  0.21280E-12
  0.25498E+01  0.11113E+01  0.46536E+00  0.41876E+00  0.15852E+01  0.87127E-01  0.55409E-03  0.20098E-24  0.24400E-25  0.12226E-12  0.15205E-12  0.87169E-13  0.83489E+00  0.21369E-12
  0.25398E+01  0.11134E+01  0.46679E+00  0.41925E+00  0.15853E+01  0.87333E-01  0.55228E-03  0.20231E-24  0.24619E-25  0.12274E-12  0.15289E-12  0.87244E-13  0.83718E+00  0.21460E-12
  0.25298E+01  0.11155E+01  0.46823E+00  0.41974E+00  0.15855E+01  0.87542E-01  0.55043E-03  0.20366E-24  0.24841E-25  0.12323E-12  0.15373E-12  0.87320E-13  0.83951E+00  0.21550E-12
  0.25198E+01  0.11177E+01  0.46968E+00  0.42024E+00  0.15857E+01  0.87752E-01  0.54855E-03  0.20502E-24  0.25066E-25  0.12372E-12  0.15458E-12  0.87396E-13  0.84186E+00  0.21642E-12
  0.25098E+01  0.11198E+01  0.47114E+00  0.42074E+00  0.15858E+01  0.87963E-01  0.54664E-03  0.20640E-24  0.25294E-25  0.12421E-12  0.15544E-12  0.87472E-13  0.84424E+00  0.21735E-12
  0.24998E+01  0.11220E+01  0.47261E+00  0.42124E+00  0.15860E+01  0.88175E-01  0.54469E-03  0.20779E-24  0.25525E-25  0.12471E-12  0.15630E-12  0.87549E-13  0.84666E+00  0.21828E-12
  0.24898E+01  0.11241E+01  0.47409E+00  0.42174E+00  0.15861E+01  0.88390E-01  0.54272E-03  0.20919E-24  0.25760E-25  0.12521E-12  0.15717E-12  0.87626E-13  0.84911E+00  0.21922E-12
  0.24798E+01  0.11263E+01  0.47558E+00  0.42225E+00  0.15863E+01  0.88605E-01  0.54072E-03  0.21062E-24  0.25997E-25  0.12571E-12  0.15805E-12  0.87704E-13  0.85159E+00  0.22017E-12
  0.24698E+01  0.11285E+01  0.47708E+00  0.42276E+00  0.15864E+01  0.88822E-01  0.53868E-03  0.21205E-24  0.26238E-25  0.12622E-12  0.15894E-12  0.87782E-13  0.85410E+00  0.22113E-12
  0.24598E+01  0.11307E+01  0.47859E+00  0.42327E+00  0.15866E+01  0.89041E-01  0.53660E-03  0.21351E-24  0.26482E-25  0.12673E-12  0.15984E-12  0.87860E-13  0.85665E+00  0.22210E-12
  0.24498E+01  0.11329E+01  0.48011E+00  0.42378E+00  0.15868E+01  0.89261E-01  0.53450E-03  0.21498E-24  0.26729E-25  0.12725E-12  0.16074E-12  0.87939E-13  0.85923E+00  0.22308E-12
  0.24398E+01  0.11352E+01  0.48165E+00  0.42430E+00  0.15869E+01  0.89483E-01  0.53236E-03  0.21647E-24  0.26980E-25  0.12777E-12  0.16165E-12  0.88019E-13  0.86185E+00  0.22406E-12
  0.24298E+01  0.11374E+01  0.48319E+00  0.42482E+00  0.15871E+01  0.89706E-01  0.53018E-03  0.21797E-24  0.27234E-25  0.12830E-12  0.16257E-12  0.88099E-13  0.86451E+00  0.22506E-12
  0.24198E+01  0.11397E+01  0.48475E+00  0.42535E+00  0.15872E+01  0.89931E-01  0.52797E-03  0.21950E-24  0.27492E-25  0.12883E-12  0.16349E-12  0.88179E-13  0.86721E+00  0.22606E-12
  0.24098E+01  0.11419E+01  0.48631E+00  0.42587E+00  0.15874E+01  0.90158E-01  0.52572E-03  0.22104E-24  0.27754E-25  0.12936E-12  0.16443E-12  0.88259E-13  0.86995E+00  0.22707E-12
  0.23998E+01  0.11442E+01  0.48789E+00  0.42640E+00  0.15875E+01  0.90386E-01  0.52344E-03  0.22259E-24  0.28019E-25  0.12990E-12  0.16537E-12  0.88341E-13  0.87273E+00  0.22809E-12
  0.23898E+01  0.11465E+01  0.48948E+00  0.42694E+00  0.15876E+01  0.90616E-01  0.52111E-03  0.22417E-24  0.28288E-25  0.13045E-12  0.16632E-12  0.88422E-13  0.87555E+00  0.22912E-12
  0.23798E+01  0.11488E+01  0.49108E+00  0.42747E+00  0.15878E+01  0.90847E-01  0.51875E-03  0.22577E-24  0.28561E-25  0.13099E-12  0.16728E-12  0.88504E-13  0.87842E+00  0.23017E-12
  0.23698E+01  0.11511E+01  0.49270E+00  0.42801E+00  0.15879E+01  0.91081E-01  0.51635E-03  0.22738E-24  0.28838E-25  0.13155E-12  0.16825E-12  0.88587E-13  0.88133E+00  0.23122E-12
  0.23598E+01  0.11535E+01  0.49432E+00  0.42855E+00  0.15881E+01  0.91316E-01  0.51391E-03  0.22901E-24  0.29118E-25  0.13210E-12  0.16923E-12  0.88670E-13  0.88429E+00  0.23228E-12
  0.23498E+01  0.11558E+01  0.49596E+00  0.42910E+00  0.15882E+01  0.91552E-01  0.51143E-03  0.23066E-24  0.29403E-25  0.13267E-12  0.17021E-12  0.88753E-13  0.88730E+00  0.23335E-12
  0.23398E+01  0.11582E+01  0.49761E+00  0.42965E+00  0.15884E+01  0.91791E-01  0.50891E-03  0.23233E-24  0.29692E-25  0.13323E-12  0.17121E-12  0.88837E-13  0.89036E+00  0.23443E-12
  0.23298E+01  0.11605E+01  0.49927E+00  0.43020E+00  0.15885E+01  0.92031E-01  0.50634E-03  0.23403E-24  0.29985E-25  0.13381E-12  0.17221E-12  0.88921E-13  0.89348E+00  0.23552E-12
  0.23198E+01  0.11629E+01  0.50094E+00  0.43076E+00  0.15886E+01  0.92273E-01  0.50373E-03  0.23574E-24  0.30283E-25  0.13438E-12  0.17323E-12  0.89006E-13  0.89665E+00  0.23662E-12
  0.23098E+01  0.11653E+01  0.50263E+00  0.43132E+00  0.15888E+01  0.92516E-01  0.50108E-03  0.23747E-24  0.30585E-25  0.13496E-12  0.17425E-12  0.89091E-13  0.89987E+00  0.23773E-12
  0.22998E+01  0.11678E+01  0.50433E+00  0.43188E+00  0.15889E+01  0.92762E-01  0.49839E-03  0.23922E-24  0.30891E-25  0.13555E-12  0.17528E-12  0.89177E-13  0.90316E+00  0.23885E-12
  0.22898E+01  0.11702E+01  0.50605E+00  0.43245E+00  0.15890E+01  0.93009E-01  0.49565E-03  0.24100E-24  0.31202E-25  0.13614E-12  0.17632E-12  0.89263E-13  0.90651E+00  0.23999E-12
  0.22798E+01  0.11726E+01  0.50777E+00  0.43302E+00  0.15892E+01  0.93259E-01  0.49286E-03  0.24280E-24  0.31517E-25  0.13674E-12  0.17738E-12  0.89349E-13  0.90992E+00  0.24113E-12
  0.22698E+01  0.11751E+01  0.50951E+00  0.43359E+00  0.15893E+01  0.93510E-01  0.49003E-03  0.24461E-24  0.31837E-25  0.13734E-12  0.17844E-12  0.89436E-13  0.91339E+00  0.24228E-12
  0.22598E+01  0.11776E+01  0.51127E+00  0.43417E+00  0.15894E+01  0.93763E-01  0.48715E-03  0.24646E-24  0.32163E-25  0.13795E-12  0.17951E-12  0.89524E-13  0.91694E+00  0.24345E-12
  0.22498E+01  0.11801E+01  0.51304E+00  0.43475E+00  0.15895E+01  0.94018E-01  0.48422E-03  0.24832E-24  0.32492E-25  0.13856E-12  0.18059E-12  0.89612E-13  0.92056E+00  0.24463E-12
  0.22398E+01  0.11826E+01  0.51482E+00  0.43533E+00  0.15897E+01  0.94275E-01  0.48124E-03  0.25021E-24  0.32827E-25  0.13918E-12  0.18168E-12  0.89700E-13  0.92425E+00  0.24582E-12
  0.22298E+01  0.11851E+01  0.51662E+00  0.43592E+00  0.15898E+01  0.94534E-01  0.47821E-03  0.25212E-24  0.33167E-25  0.13981E-12  0.18278E-12  0.89789E-13  0.92802E+00  0.24702E-12
  0.22198E+01  0.11877E+01  0.51843E+00  0.43651E+00  0.15899E+01  0.94795E-01  0.47513E-03  0.25405E-24  0.33513E-25  0.14044E-12  0.18390E-12  0.89878E-13  0.93188E+00  0.24823E-12
  0.22098E+01  0.11902E+01  0.52026E+00  0.43710E+00  0.15901E+01  0.95058E-01  0.47199E-03  0.25601E-24  0.33863E-25  0.14107E-12  0.18502E-12  0.89968E-13  0.93582E+00  0.24946E-12
  0.21998E+01  0.11928E+01  0.52210E+00  0.43770E+00  0.15902E+01  0.95323E-01  0.46881E-03  0.25800E-24  0.34219E-25  0.14171E-12  0.18615E-12  0.90058E-13  0.93985E+00  0.25069E-12
  0.21898E+01  0.11954E+01  0.52395E+00  0.43831E+00  0.15903E+01  0.95591E-01  0.46557E-03  0.26001E-24  0.34581E-25  0.14236E-12  0.18730E-12  0.90149E-13  0.94397E+00  0.25194E-12
  0.21798E+01  0.11980E+01  0.52582E+00  0.43891E+00  0.15904E+01  0.95860E-01  0.46227E-03  0.26204E-24  0.34948E-25  0.14301E-12  0.18846E-12  0.90240E-13  0.94819E+00  0.25320E-12
  0.21698E+01  0.12006E+01  0.52771E+00  0.43952E+00  0.15905E+01  0.96131E-01  0.45892E-03  0.26410E-24  0.35321E-25  0.14367E-12  0.18962E-12  0.90332E-13  0.95251E+00  0.25448E-12
  0.21598E+01  0.12033E+01  0.52961E+00  0.44014E+00  0.15906E+01  0.96405E-01  0.45551E-03  0.26619E-24  0.35700E-25  0.14434E-12  0.19080E-12  0.90424E-13  0.95695E+00  0.25576E-12
  0.21498E+01  0.12060E+01  0.53153E+00  0.44076E+00  0.15908E+01  0.96681E-01  0.45204E-03  0.26831E-24  0.36085E-25  0.14501E-12  0.19199E-12  0.90517E-13  0.96149E+00  0.25706E-12
  0.21398E+01  0.12086E+01  0.53347E+00  0.44138E+00  0.15909E+01  0.96959E-01  0.44851E-03  0.27045E-24  0.36476E-25  0.14569E-12  0.19320E-12  0.90610E-13  0.96616E+00  0.25838E-12
  0.21298E+01  0.12113E+01  0.53542E+00  0.44200E+00  0.15910E+01  0.97239E-01  0.44492E-03  0.27262E-24  0.36873E-25  0.14637E-12  0.19441E-12  0.90703E-13  0.97095E+00  0.25970E-12
  0.21198E+01  0.12141E+01  0.53739E+00  0.44263E+00  0.15911E+01  0.97522E-01  0.44127E-03  0.27482E-24  0.37277E-25  0.14706E-12  0.19564E-12  0.90797E-13  0.97587E+00  0.26105E-12
  0.21098E+01  0.12168E+01  0.53938E+00  0.44327E+00  0.15912E+01  0.97806E-01  0.43756E-03  0.27705E-24  0.37687E-25  0.14776E-12  0.19688E-12  0.90892E-13  0.98094E+00  0.26240E-12
  0.20998E+01  0.12196E+01  0.54138E+00  0.44391E+00  0.15913E+01  0.98094E-01  0.43378E-03  0.27930E-24  0.38103E-25  0.14846E-12  0.19813E-12  0.90987E-13  0.98615E+00  0.26377E-12
  0.20898E+01  0.12224E+01  0.54340E+00  0.44455E+00  0.15914E+01  0.98383E-01  0.42993E-03  0.28159E-24  0.38527E-25  0.14917E-12  0.19939E-12  0.91082E-13  0.99152E+00  0.26515E-12
  0.20798E+01  0.12252E+01  0.54544E+00  0.44520E+00  0.15915E+01  0.98675E-01  0.42602E-03  0.28391E-24  0.38958E-25  0.14989E-12  0.20067E-12  0.91178E-13  0.99706E+00  0.26655E-12
  0.20698E+01  0.12280E+01  0.54749E+00  0.44585E+00  0.15917E+01  0.98969E-01  0.42204E-03  0.28626E-24  0.39395E-25  0.15061E-12  0.20196E-12  0.91274E-13  0.10028E+01  0.26796E-12
