  0.39000E+01  0.89566E+00  0.33752E+00  0.37684E+00  0.15000E+01  0.70356E-01  0.65000E-03  0.96669E-25  0.95040E-26  0.79933E-13  0.79933E-13  0.79933E-13  0.58098E+00  0.13845E-12
  0.38999E+01  0.89603E+00  0.33767E+00  0.37685E+00  0.15000E+01  0.70356E-01  0.65000E-03  0.96674E-25  0.95047E-26  0.79935E-13  0.79938E-13  0.79935E-13  0.62771E+00  0.13845E-12
  0.38998E+01  0.89603E+00  0.33767E+00  0.37685E+00  0.15000E+01  0.70358E-01  0.65001E-03  0.96680E-25  0.95055E-26  0.79937E-13  0.79943E-13  0.79937E-13  0.62772E+00  0.13846E-12
  0.38898E+01  0.89679E+00  0.33822E+00  0.37715E+00  0.15004E+01  0.70470E-01  0.64997E-03  0.97111E-25  0.95629E-26  0.80143E-13  0.80299E-13  0.80007E-13  0.62863E+00  0.13882E-12
  0.38798E+01  0.89815E+00  0.33897E+00  0.37741E+00  0.15007E+01  0.70570E-01  0.64983E-03  0.97502E-25  0.96149E-26  0.80349E-13  0.80612E-13  0.80036E-13  0.62952E+00  0.13914E-12
  0.38698E+01  0.89952E+00  0.33973E+00  0.37768E+00  0.15011E+01  0.70671E-01  0.64968E-03  0.97895E-25  0.96673E-26  0.80557E-13  0.80926E-13  0.80063E-13  0.63042E+00  0.13946E-12
  0.38598E+01  0.90090E+00  0.34049E+00  0.37795E+00  0.15014E+01  0.70772E-01  0.64953E-03  0.98290E-25  0.97201E-26  0.80766E-13  0.81242E-13  0.80091E-13  0.63133E+00  0.13978E-12
  0.38498E+01  0.90228E+00  0.34125E+00  0.37821E+00  0.15017E+01  0.70874E-01  0.64938E-03  0.98689E-25  0.97733E-26  0.80975E-13  0.81559E-13  0.80119E-13  0.63223E+00  0.14010E-12
  0.38398E+01  0.90367E+00  0.34202E+00  0.37848E+00  0.15021E+01  0.70975E-01  0.64921E-03  0.99090E-25  0.98270E-26  0.81186E-13  0.81878E-13  0.80147E-13  0.63314E+00  0.14042E-12
  0.38298E+01  0.90506E+00  0.34279E+00  0.37875E+00  0.15024E+01  0.71078E-01  0.64905E-03  0.99494E-25  0.98812E-26  0.81398E-13  0.82198E-13  0.80175E-13  0.63406E+00  0.14075E-12
  0.38198E+01  0.90646E+00  0.34357E+00  0.37902E+00  0.15027E+01  0.71181E-01  0.64888E-03  0.99901E-25  0.99358E-26  0.81611E-13  0.82520E-13  0.80204E-13  0.63497E+00  0.14108E-12
  0.38098E+01  0.90786E+00  0.34435E+00  0.37930E+00  0.15030E+01  0.71284E-01  0.64870E-03  0.10031E-24  0.99909E-26  0.81826E-13  0.82844E-13  0.80232E-13  0.63590E+00  0.14141E-12
  0.37998E+01  0.90927E+00  0.34513E+00  0.37957E+00  0.15034E+01  0.71388E-01  0.64852E-03  0.10072E-24  0.10046E-25  0.82041E-13  0.83170E-13  0.80261E-13  0.63682E+00  0.14174E-12
  0.37898E+01  0.91068E+00  0.34592E+00  0.37984E+00  0.15037E+01  0.71492E-01  0.64834E-03  0.10114E-24  0.10102E-25  0.82257E-13  0.83497E-13  0.80290E-13  0.63775E+00  0.14207E-12
  0.37798E+01  0.91210E+00  0.34671E+00  0.38012E+00  0.15040E+01  0.71597E-01  0.64815E-03  0.10156E-24  0.10159E-25  0.82475E-13  0.83825E-13  0.80319E-13  0.63868E+00  0.14241E-12
  0.37698E+01  0.91352E+00  0.34750E+00  0.38039E+00  0.15043E+01  0.71702E-01  0.64796E-03  0.10198E-24  0.10216E-25  0.82694E-13  0.84156E-13  0.80348E-13  0.63962E+00  0.14275E-12
  0.37598E+01  0.91495E+00  0.34829E+00  0.38067E+00  0.15047E+01  0.71808E-01  0.64776E-03  0.10240E-24  0.10273E-25  0.82914E-13  0.84488E-13  0.80378E-13  0.64056E+00  0.14309E-12
  0.37498E+01  0.91638E+00  0.34910E+00  0.38095E+00  0.15050E+01  0.71914E-01  0.64756E-03  0.10283E-24  0.10331E-25  0.83135E-13  0.84822E-13  0.80407E-13  0.64150E+00  0.14343E-12
  0.37398E+01  0.91782E+00  0.34990E+00  0.38123E+00  0.15053E+01  0.72021E-01  0.64735E-03  0.10326E-24  0.10390E-25  0.83357E-13  0.85158E-13  0.80437E-13  0.64245E+00  0.14377E-12
  0.37298E+01  0.91926E+00  0.35071E+00  0.38151E+00  0.15056E+01  0.72128E-01  0.64713E-03  0.10370E-24  0.10449E-25  0.83581E-13  0.85496E-13  0.80467E-13  0.64340E+00  0.14412E-12
  0.37198E+01  0.92071E+00  0.35152E+00  0.38179E+00  0.15059E+01  0.72236E-01  0.64691E-03  0.10413E-24  0.10509E-25  0.83805E-13  0.85835E-13  0.80497E-13  0.64436E+00  0.14447E-12
  0.37098E+01  0.92216E+00  0.35233E+00  0.38207E+00  0.15062E+01  0.72344E-01  0.64669E-03  0.10457E-24  0.10569E-25  0.84031E-13  0.86176E-13  0.80527E-13  0.64531E+00  0.14482E-12
  0.36998E+01  0.92361E+00  0.35315E+00  0.38236E+00  0.15065E+01  0.72453E-01  0.64646E-03  0.10502E-24  0.10629E-25  0.84258E-13  0.86519E-13  0.80557E-13  0.64628E+00  0.14517E-12
  0.36898E+01  0.92508E+00  0.35397E+00  0.38264E+00  0.15068E+01  0.72562E-01  0.64623E-03  0.10546E-24  0.10690E-25  0.84487E-13  0.86864E-13  0.80588E-13  0.64725E+00  0.14553E-12
  0.36798E+01  0.92654E+00  0.35480E+00  0.38293E+00  0.15071E+01  0.72671E-01  0.64599E-03  0.10591E-24  0.10752E-25  0.84716E-13  0.87211E-13  0.80619E-13  0.64822E+00  0.14588E-12
  0.36698E+01  0.92802E+00  0.35563E+00  0.38322E+00  0.15074E+01  0.72782E-01  0.64574E-03  0.10637E-24  0.10814E-25  0.84947E-13  0.87559E-13  0.80650E-13  0.64919E+00  0.14624E-12
  0.36598E+01  0.92949E+00  0.35647E+00  0.38350E+00  0.15077E+01  0.72892E-01  0.64549E-03  0.10682E-24  0.10877E-25  0.85179E-13  0.87910E-13  0.80681E-13  0.65018E+00  0.14660E-12
  0.36498E+01  0.93098E+00  0.35730E+00  0.38379E+00  0.15080E+01  0.73004E-01  0.64523E-03  0.10728E-24  0.10940E-25  0.85413E-13  0.88262E-13  0.80712E-13  0.65116E+00  0.14697E-12
  0.36398E+01  0.93246E+00  0.35815E+00  0.38408E+00  0.15083E+01  0.73116E-01  0.64497E-03  0.10775E-24  0.11004E-25  0.85647E-13  0.88616E-13  0.80743E-13  0.65215E+00  0.14734E-12
  0.36298E+01  0.93396E+00  0.35899E+00  0.38438E+00  0.15086E+01  0.73228E-01  0.64470E-03  0.10821E-24  0.11069E-25  0.85883E-13  0.88972E-13  0.80775E-13  0.65314E+00  0.14770E-12
  0.36198E+01  0.93546E+00  0.35984E+00  0.38467E+00  0.15089E+01  0.73341E-01  0.64442E-03  0.10869E-24  0.11134E-25  0.86121E-13  0.89331E-13  0.80807E-13  0.65414E+00  0.14808E-12
  0.36098E+01  0.93696E+00  0.36070E+00  0.38496E+00  0.15092E+01  0.73454E-01  0.64414E-03  0.10916E-24  0.11199E-25  0.86359E-13  0.89691E-13  0.80839E-13  0.65514E+00  0.14845E-12
  0.35998E+01  0.93847E+00  0.36155E+00  0.38526E+00  0.15095E+01  0.73568E-01  0.64385E-03  0.10964E-24  0.11266E-25  0.86599E-13  0.90053E-13  0.80871E-13  0.65615E+00  0.14883E-12
  0.35898E+01  0.93999E+00  0.36242E+00  0.38556E+00  0.15098E+01  0.73683E-01  0.64356E-03  0.11012E-24  0.11333E-25  0.86840E-13  0.90417E-13  0.80903E-13  0.65716E+00  0.14920E-12
  0.35798E+01  0.94151E+00  0.36328E+00  0.38585E+00  0.15101E+01  0.73798E-01  0.64326E-03  0.11060E-24  0.11400E-25  0.87083E-13  0.90783E-13  0.80936E-13  0.65818E+00  0.14958E-12
  0.35698E+01  0.94303E+00  0.36415E+00  0.38615E+00  0.15104E+01  0.73913E-01  0.64296E-03  0.11109E-24  0.11468E-25  0.87327E-13  0.91151E-13  0.80968E-13  0.65920E+00  0.14997E-12
  0.35598E+01  0.94456E+00  0.36503E+00  0.38645E+00  0.15107E+01  0.74030E-01  0.64264E-03  0.11158E-24  0.11537E-25  0.87572E-13  0.91522E-13  0.81001E-13  0.66023E+00  0.15035E-12
  0.35498E+01  0.94610E+00  0.36591E+00  0.38675E+00  0.15110E+01  0.74146E-01  0.64233E-03  0.11208E-24  0.11606E-25  0.87819E-13  0.91894E-13  0.81034E-13  0.66126E+00  0.15074E-12
  0.35398E+01  0.94764E+00  0.36679E+00  0.38705E+00  0.15112E+01  0.74264E-01  0.64200E-03  0.11258E-24  0.11676E-25  0.88067E-13  0.92268E-13  0.81067E-13  0.66230E+00  0.15113E-12
  0.35298E+01  0.94919E+00  0.36768E+00  0.38736E+00  0.15115E+01  0.74382E-01  0.64167E-03  0.11308E-24  0.11747E-25  0.88316E-13  0.92645E-13  0.81101E-13  0.66334E+00  0.15153E-12
  0.35198E+01  0.95075E+00  0.36857E+00  0.38766E+00  0.15118E+01  0.74500E-01  0.64133E-03  0.11359E-24  0.11818E-25  0.88567E-13  0.93024E-13  0.81134E-13  0.66438E+00  0.15192E-12
  0.35098E+01  0.95231E+00  0.36947E+00  0.38797E+00  0.15121E+01  0.74619E-01  0.64098E-03  0.11410E-24  0.11890E-25  0.88820E-13  0.93405E-13  0.81168E-13  0.66544E+00  0.15232E-12
  0.34998E+01  0.95387E+00  0.37037E+00  0.38828E+00  0.15124E+01  0.74739E-01  0.64063E-03  0.11462E-24  0.11963E-25  0.89073E-13  0.93788E-13  0.81202E-13  0.66649E+00  0.15272E-12
  0.34898E+01  0.95545E+00  0.37127E+00  0.38859E+00  0.15126E+01  0.74859E-01  0.64027E-03  0.11514E-24  0.12036E-25  0.89329E-13  0.94173E-13  0.81236E-13  0.66756E+00  0.15313E-12
  0.34798E+01  0.95702E+00  0.37218E+00  0.38890E+00  0.15129E+01  0.74980E-01  0.63990E-03  0.11566E-24  0.12110E-25  0.89585E-13  0.94560E-13  0.81270E-13  0.66862E+00  0.15353E-12
  0.34698E+01  0.95861E+00  0.37310E+00  0.38921E+00  0.15132E+01  0.75101E-01  0.63953E-03  0.11619E-24  0.12185E-25  0.89844E-13  0.94950E-13  0.81305E-13  0.66970E+00  0.15394E-12
  0.34598E+01  0.96020E+00  0.37402E+00  0.38952E+00  0.15135E+01  0.75223E-01  0.63915E-03  0.11672E-24  0.12260E-25  0.90103E-13  0.95342E-13  0.81339E-13  0.67077E+00  0.15435E-12
  0.34498E+01  0.96179E+00  0.37494E+00  0.38983E+00  0.15137E+01  0.75346E-01  0.63876E-03  0.11725E-24  0.12336E-25  0.90364E-13  0.95736E-13  0.81374E-13  0.67186E+00  0.15477E-12
  0.34398E+01  0.96339E+00  0.37587E+00  0.39015E+00  0.15140E+01  0.75469E-01  0.63836E-03  0.11779E-24  0.12413E-25  0.90627E-13  0.96133E-13  0.81409E-13  0.67295E+00  0.15518E-12
  0.34298E+01  0.96500E+00  0.37680E+00  0.39046E+00  0.15143E+01  0.75593E-01  0.63796E-03  0.11834E-24  0.12491E-25  0.90891E-13  0.96532E-13  0.81445E-13  0.67404E+00  0.15560E-12
  0.34198E+01  0.96662E+00  0.37774E+00  0.39078E+00  0.15145E+01  0.75718E-01  0.63755E-03  0.11889E-24  0.12569E-25  0.91157E-13  0.96933E-13  0.81480E-13  0.67514E+00  0.15603E-12
  0.34098E+01  0.96824E+00  0.37868E+00  0.39110E+00  0.15148E+01  0.75843E-01  0.63713E-03  0.11944E-24  0.12648E-25  0.91425E-13  0.97337E-13  0.81516E-13  0.67625E+00  0.15645E-12
  0.33998E+01  0.96986E+00  0.37963E+00  0.39142E+00  0.15150E+01  0.75969E-01  0.63670E-03  0.12000E-24  0.12728E-25  0.91693E-13  0.97743E-13  0.81551E-13  0.67736E+00  0.15688E-12
  0.33898E+01  0.97150E+00  0.38058E+00  0.39174E+00  0.15153E+01  0.76095E-01  0.63626E-03  0.12056E-24  0.12809E-25  0.91964E-13  0.98151E-13  0.81587E-13  0.67848E+00  0.15731E-12
  0.33798E+01  0.97313E+00  0.38153E+00  0.39207E+00  0.15156E+01  0.76222E-01  0.63582E-03  0.12113E-24  0.12890E-25  0.92236E-13  0.98562E-13  0.81624E-13  0.67960E+00  0.15775E-12
  0.33698E+01  0.97478E+00  0.38249E+00  0.39239E+00  0.15158E+01  0.76350E-01  0.63537E-03  0.12170E-24  0.12972E-25  0.92510E-13  0.98975E-13  0.81660E-13  0.68073E+00  0.15819E-12
  0.33598E+01  0.97643E+00  0.38346E+00  0.39272E+00  0.15161E+01  0.76478E-01  0.63491E-03  0.12227E-24  0.13055E-25  0.92785E-13  0.99391E-13  0.81697E-13  0.68187E+00  0.15863E-12
  0.33498E+01  0.97809E+00  0.38443E+00  0.39304E+00  0.15163E+01  0.76607E-01  0.63444E-03  0.12285E-24  0.13139E-25  0.93062E-13  0.99810E-13  0.81734E-13  0.68301E+00  0.15907E-12
  0.33398E+01  0.97975E+00  0.38541E+00  0.39337E+00  0.15166E+01  0.76737E-01  0.63396E-03  0.12344E-24  0.13224E-25  0.93341E-13  0.10023E-12  0.81771E-13  0.68416E+00  0.15952E-12
  0.33298E+01  0.98143E+00  0.38639E+00  0.39370E+00  0.15168E+01  0.76868E-01  0.63347E-03  0.12403E-24  0.13309E-25  0.93621E-13  0.10065E-12  0.81808E-13  0.68532E+00  0.15996E-12
  0.33198E+01  0.98310E+00  0.38738E+00  0.39403E+00  0.15171E+01  0.76999E-01  0.63298E-03  0.12462E-24  0.13395E-25  0.93903E-13  0.10108E-12  0.81845E-13  0.68648E+00  0.16042E-12
  0.33098E+01  0.98479E+00  0.38837E+00  0.39437E+00  0.15173E+01  0.77130E-01  0.63247E-03  0.12522E-24  0.13483E-25  0.94187E-13  0.10151E-12  0.81883E-13  0.68765E+00  0.16087E-12
  0.32998E+01  0.98648E+00  0.38937E+00  0.39470E+00  0.15176E+01  0.77263E-01  0.63196E-03  0.12582E-24  0.13571E-25  0.94472E-13  0.10194E-12  0.81921E-13  0.68883E+00  0.16133E-12
  0.32898E+01  0.98818E+00  0.39037E+00  0.39504E+00  0.15178E+01  0.77396E-01  0.63144E-03  0.12643E-24  0.13660E-25  0.94759E-13  0.10237E-12  0.81959E-13  0.69001E+00  0.16179E-12
  0.32798E+01  0.98988E+00  0.39137E+00  0.39537E+00  0.15181E+01  0.77530E-01  0.63090E-03  0.12705E-24  0.13749E-25  0.95048E-13  0.10281E-12  0.81997E-13  0.69120E+00  0.16226E-12
  0.32698E+01  0.99159E+00  0.39239E+00  0.39571E+00  0.15183E+01  0.77664E-01  0.63036E-03  0.12767E-24  0.13840E-25  0.95339E-13  0.10325E-12  0.82036E-13  0.69240E+00  0.16273E-12
  0.32598E+01  0.99331E+00  0.39341E+00  0.39605E+00  0.15185E+01  0.77800E-01  0.62981E-03  0.12829E-24  0.13932E-25  0.95631E-13  0.10369E-12  0.82074E-13  0.69360E+00  0.16320E-12
  0.32498E+01  0.99504E+00  0.39443E+00  0.39640E+00  0.15188E+01  0.77936E-01  0.62925E-03  0.12892E-24  0.14024E-25  0.95926E-13  0.10414E-12  0.82113E-13  0.69481E+00  0.16367E-12
  0.32398E+01  0.99677E+00  0.39546E+00  0.39674E+00  0.15190E+01  0.78072E-01  0.62868E-03  0.12956E-24  0.14118E-25  0.96222E-13  0.10458E-12  0.82152E-13  0.69603E+00  0.16415E-12
  0.32298E+01  0.99851E+00  0.39649E+00  0.39708E+00  0.15192E+01  0.78210E-01  0.62810E-03  0.13020E-24  0.14212E-25  0.96520E-13  0.10504E-12  0.82192E-13  0.69725E+00  0.16463E-12
  0.32198E+01  0.10003E+01  0.39753E+00  0.39743E+00  0.15195E+01  0.78348E-01  0.62750E-03  0.13084E-24  0.14308E-25  0.96819E-13  0.10549E-12  0.82231E-13  0.69849E+00  0.16512E-12
  0.32098E+01  0.10020E+01  0.39858E+00  0.39778E+00  0.15197E+01  0.78487E-01  0.62690E-03  0.13149E-24  0.14404E-25  0.97121E-13  0.10594E-12  0.82271E-13  0.69973E+00  0.16561E-12
  0.31998E+01  0.10038E+01  0.39963E+00  0.39813E+00  0.15199E+01  0.78626E-01  0.62629E-03  0.13215E-24  0.14502E-25  0.97425E-13  0.10640E-12  0.82311E-13  0.70098E+00  0.16610E-12
  0.31898E+01  0.10055E+01  0.40069E+00  0.39848E+00  0.15202E+01  0.78767E-01  0.62567E-03  0.13281E-24  0.14600E-25  0.97730E-13  0.10687E-12  0.82351E-13  0.70223E+00  0.16659E-12
  0.31798E+01  0.10073E+01  0.40175E+00  0.39883E+00  0.15204E+01  0.78908E-01  0.62503E-03  0.13348E-24  0.14699E-25  0.98037E-13  0.10733E-12  0.82392E-13  0.70350E+00  0.16709E-12
  0.31698E+01  0.10091E+01  0.40282E+00  0.39919E+00  0.15206E+01  0.79050E-01  0.62439E-03  0.13416E-24  0.14800E-25  0.98347E-13  0.10780E-12  0.82433E-13  0.70477E+00  0.16759E-12
  0.31598E+01  0.10109E+01  0.40389E+00  0.39954E+00  0.15208E+01  0.79193E-01  0.62373E-03  0.13484E-24  0.14901E-25  0.98658E-13  0.10827E-12  0.82473E-13  0.70605E+00  0.16810E-12
  0.31498E+01  0.10127E+01  0.40497E+00  0.39990E+00  0.15211E+01  0.79336E-01  0.62306E-03  0.13552E-24  0.15004E-25  0.98971E-13  0.10874E-12  0.82515E-13  0.70734E+00  0.16861E-12
  0.31398E+01  0.10145E+01  0.40606E+00  0.40026E+00  0.15213E+01  0.79480E-01  0.62238E-03  0.13621E-24  0.15108E-25  0.99286E-13  0.10922E-12  0.82556E-13  0.70864E+00  0.16912E-12
  0.31298E+01  0.10163E+01  0.40715E+00  0.40062E+00  0.15215E+01  0.79626E-01  0.62169E-03  0.13691E-24  0.15212E-25  0.99604E-13  0.10970E-12  0.82598E-13  0.70994E+00  0.16964E-12
  0.31198E+01  0.10181E+01  0.40825E+00  0.40098E+00  0.15217E+01  0.79771E-01  0.62099E-03  0.13761E-24  0.15318E-25  0.99923E-13  0.11019E-12  0.82639E-13  0.71126E+00  0.17016E-12
  0.31098E+01  0.10200E+01  0.40935E+00  0.40134E+00  0.15220E+01  0.79918E-01  0.62028E-03  0.13832E-24  0.15425E-25  0.10024E-12  0.11067E-12  0.82681E-13  0.71258E+00  0.17069E-12
  0.30998E+01  0.10218E+01  0.41046E+00  0.40171E+00  0.15222E+01  0.80066E-01  0.61955E-03  0.13904E-24  0.15533E-25  0.10057E-12  0.11116E-12  0.82724E-13  0.71391E+00  0.17121E-12
  0.30898E+01  0.10236E+01  0.41158E+00  0.40208E+00  0.15224E+01  0.80214E-01  0.61881E-03  0.13976E-24  0.15643E-25  0.10089E-12  0.11166E-12  0.82766E-13  0.71525E+00  0.17175E-12
  0.30798E+01  0.10255E+01  0.41270E+00  0.40245E+00  0.15226E+01  0.80363E-01  0.61806E-03  0.14049E-24  0.15753E-25  0.10122E-12  0.11215E-12  0.82809E-13  0.71660E+00  0.17228E-12
  0.30698E+01  0.10273E+01  0.41383E+00  0.40282E+00  0.15228E+01  0.80513E-01  0.61730E-03  0.14123E-24  0.15865E-25  0.10155E-12  0.11265E-12  0.82852E-13  0.71796E+00  0.17282E-12
  0.30598E+01  0.10292E+01  0.41497E+00  0.40319E+00  0.15230E+01  0.80664E-01  0.61652E-03  0.14197E-24  0.15978E-25  0.10188E-12  0.11316E-12  0.82895E-13  0.71933E+00  0.17337E-12
  0.30498E+01  0.10311E+01  0.41611E+00  0.40356E+00  0.15232E+01  0.80816E-01  0.61573E-03  0.14272E-24  0.16092E-25  0.10222E-12  0.11366E-12  0.82939E-13  0.72071E+00  0.17391E-12
  0.30398E+01  0.10330E+01  0.41726E+00  0.40394E+00  0.15234E+01  0.80968E-01  0.61493E-03  0.14347E-24  0.16207E-25  0.10255E-12  0.11417E-12  0.82982E-13  0.72210E+00  0.17447E-12
  0.30298E+01  0.10349E+01  0.41841E+00  0.40432E+00  0.15236E+01  0.81122E-01  0.61411E-03  0.14423E-24  0.16323E-25  0.10289E-12  0.11469E-12  0.83026E-13  0.72350E+00  0.17502E-12
  0.30198E+01  0.10368E+01  0.41958E+00  0.40470E+00  0.15238E+01  0.81276E-01  0.61328E-03  0.14500E-24  0.16441E-25  0.10323E-12  0.11520E-12  0.83071E-13  0.72491E+00  0.17558E-12
  0.30098E+01  0.10387E+01  0.42075E+00  0.40508E+00  0.15240E+01  0.81431E-01  0.61243E-03  0.14578E-24  0.16560E-25  0.10357E-12  0.11572E-12  0.83115E-13  0.72633E+00  0.17615E-12
  0.29998E+01  0.10406E+01  0.42192E+00  0.40546E+00  0.15242E+01  0.81587E-01  0.61158E-03  0.14656E-24  0.16681E-25  0.10392E-12  0.11625E-12  0.83160E-13  0.72776E+00  0.17672E-12
  0.29898E+01  0.10425E+01  0.42310E+00  0.40585E+00  0.15244E+01  0.81744E-01  0.61070E-03  0.14735E-24  0.16803E-25  0.10427E-12  0.11678E-12  0.83205E-13  0.72920E+00  0.17729E-12
  0.29798E+01  0.10445E+01  0.42429E+00  0.40623E+00  0.15246E+01  0.81902E-01  0.60982E-03  0.14815E-24  0.16926E-25  0.10462E-12  0.11731E-12  0.83250E-13  0.73065E+00  0.17787E-12
  0.29698E+01  0.10464E+01  0.42549E+00  0.40662E+00  0.15248E+01  0.82061E-01  0.60891E-03  0.14895E-24  0.17050E-25  0.10497E-12  0.11784E-12  0.83295E-13  0.73211E+00  0.17845E-12
  0.29598E+01  0.10484E+01  0.42669E+00  0.40701E+00  0.15250E+01  0.82221E-01  0.60800E-03  0.14977E-24  0.17176E-25  0.10532E-12  0.11838E-12  0.83341E-13  0.73359E+00  0.17903E-12
  0.29498E+01  0.10503E+01  0.42790E+00  0.40740E+00  0.15252E+01  0.82382E-01  0.60707E-03  0.15059E-24  0.17303E-25  0.10568E-12  0.11892E-12  0.83387E-13  0.73507E+00  0.17962E-12
  0.29398E+01  0.10523E+01  0.42912E+00  0.40780E+00  0.15254E+01  0.82543E-01  0.60612E-03  0.15141E-24  0.17432E-25  0.10604E-12  0.11947E-12  0.83433E-13  0.73657E+00  0.18022E-12
  0.29298E+01  0.10543E+01  0.43035E+00  0.40819E+00  0.15256E+01  0.82706E-01  0.60516E-03  0.15225E-24  0.17562E-25  0.10640E-12  0.12002E-12  0.83480E-13  0.73808E+00  0.18082E-12
  0.29198E+01  0.10563E+01  0.43158E+00  0.40859E+00  0.15258E+01  0.82869E-01  0.60418E-03  0.15309E-24  0.17694E-25  0.10677E-12  0.12058E-12  0.83526E-13  0.73960E+00  0.18142E-12
  0.29098E+01  0.10583E+01  0.43282E+00  0.40899E+00  0.15260E+01  0.83034E-01  0.60318E-03  0.15394E-24  0.17827E-25  0.10713E-12  0.12113E-12  0.83573E-13  0.74113E+00  0.18203E-12
  0.28998E+01  0.10603E+01  0.43406E+00  0.40939E+00  0.15262E+01  0.83199E-01  0.60217E-03  0.15480E-24  0.17962E-25  0.10750E-12  0.12170E-12  0.83621E-13  0.74268E+00  0.18265E-12
  0.28898E+01  0.10623E+01  0.43532E+00  0.40980E+00  0.15264E+01  0.83366E-01  0.60114E-03  0.15567E-24  0.18098E-25  0.10788E-12  0.12226E-12  0.83668E-13  0.74423E+00  0.18326E-12
  0.28798E+01  0.10643E+01  0.43658E+00  0.41020E+00  0.15266E+01  0.83533E-01  0.60010E-03  0.15654E-24  0.18236E-25  0.10825E-12  0.12283E-12  0.83716E-13  0.74580E+00  0.18389E-12
  0.28698E+01  0.10663E+01  0.43785E+00  0.41061E+00  0.15267E+01  0.83702E-01  0.59904E-03  0.15742E-24  0.18375E-25  0.10863E-12  0.12341E-12  0.83764E-13  0.74739E+00  0.18451E-12
  0.28598E+01  0.10684E+01  0.43913E+00  0.41102E+00  0.15269E+01  0.83871E-01  0.59796E-03  0.15832E-24  0.18516E-25  0.10901E-12  0.12399E-12  0.83812E-13  0.74899E+00  0.18515E-12
  0.28498E+01  0.10704E+01  0.44041E+00  0.41143E+00  0.15271E+01  0.84042E-01  0.59686E-03  0.15922E-24  0.18659E-25  0.10939E-12  0.12457E-12  0.83861E-13  0.75060E+00  0.18579E-12
  0.28398E+01  0.10725E+01  0.44171E+00  0.41185E+00  0.15273E+01  0.84214E-01  0.59575E-03  0.16013E-24  0.18803E-25  0.10978E-12  0.12516E-12  0.83910E-13  0.75222E+00  0.18643E-12
  0.28298E+01  0.10746E+01  0.44301E+00  0.41226E+00  0.15275E+01  0.84386E-01  0.59461E-03  0.16104E-24  0.18949E-25  0.11016E-12  0.12575E-12  0.83959E-13  0.75386E+00  0.18708E-12
  0.28198E+01  0.10767E+01  0.44432E+00  0.41268E+00  0.15276E+01  0.84560E-01  0.59346E-03  0.16197E-24  0.19097E-25  0.11055E-12  0.12634E-12  0.84008E-13  0.75551E+00  0.18773E-12
  0.28098E+01  0.10788E+01  0.44564E+00  0.41310E+00  0.15278E+01  0.84735E-01  0.59229E-03  0.16291E-24  0.19247E-25  0.11095E-12  0.12694E-12  0.84058E-13  0.75718E+00  0.18839E-12
  0.27998E+01  0.10809E+01  0.44696E+00  0.41353E+00  0.15280E+01  0.84910E-01  0.59110E-03  0.16385E-24  0.19398E-25  0.11134E-12  0.12755E-12  0.84108E-13  0.75886E+00  0.18905E-12
  0.27898E+01  0.10830E+01  0.44830E+00  0.41395E+00  0.15282E+01  0.85087E-01  0.58990E-03  0.16481E-24  0.19551E-25  0.11174E-12  0.12816E-12  0.84158E-13  0.76056E+00  0.18972E-12
  0.27798E+01  0.10851E+01  0.44964E+00  0.41438E+00  0.15283E+01  0.85265E-01  0.58867E-03  0.16577E-24  0.19706E-25  0.11214E-12  0.12877E-12  0.84209E-13  0.76227E+00  0.19039E-12
  0.27698E+01  0.10872E+01  0.45099E+00  0.41481E+00  0.15285E+01  0.85444E-01  0.58742E-03  0.16674E-24  0.19862E-25  0.11255E-12  0.12939E-12  0.84260E-13  0.76400E+00  0.19107E-12
  0.27598E+01  0.10894E+01  0.45235E+00  0.41524E+00  0.15287E+01  0.85625E-01  0.58615E-03  0.16773E-24  0.20021E-25  0.11296E-12  0.13001E-12  0.84311E-13  0.76575E+00  0.19176E-12
  0.27498E+01  0.10915E+01  0.45372E+00  0.41567E+00  0.15288E+01  0.85806E-01  0.58486E-03  0.16872E-24  0.20182E-25  0.11337E-12  0.13064E-12  0.84362E-13  0.76751E+00  0.19245E-12
  0.27398E+01  0.10937E+01  0.45510E+00  0.41611E+00  0.15290E+01  0.85988E-01  0.58355E-03  0.16972E-24  0.20344E-25  0.11378E-12  0.13127E-12  0.84414E-13  0.76929E+00  0.19314E-12
  0.27298E+01  0.10959E+01  0.45648E+00  0.41654E+00  0.15292E+01  0.86172E-01  0.58222E-03  0.17073E-24  0.20509E-25  0.11420E-12  0.13191E-12  0.84466E-13  0.77109E+00  0.19385E-12
  0.27198E+01  0.10981E+01  0.45788E+00  0.41698E+00  0.15293E+01  0.86357E-01  0.58087E-03  0.17176E-24  0.20675E-25  0.11462E-12  0.13255E-12  0.84518E-13  0.77290E+00  0.19455E-12
  0.27098E+01  0.11003E+01  0.45928E+00  0.41743E+00  0.15295E+01  0.86543E-01  0.57950E-03  0.17279E-24  0.20844E-25  0.11504E-12  0.13320E-12  0.84571E-13  0.77473E+00  0.19527E-12
  0.26998E+01  0.11025E+01  0.46069E+00  0.41787E+00  0.15297E+01  0.86730E-01  0.57810E-03  0.17383E-24  0.21014E-25  0.11547E-12  0.13385E-12  0.84623E-13  0.77658E+00  0.19599E-12
  0.26898E+01  0.11047E+01  0.46212E+00  0.41832E+00  0.15298E+01  0.86919E-01  0.57668E-03  0.17489E-24  0.21187E-25  0.11590E-12  0.13451E-12  0.84677E-13  0.77845E+00  0.19671E-12
  0.26798E+01  0.11069E+01  0.46355E+00  0.41877E+00  0.15300E+01  0.87108E-01  0.57524E-03  0.17595E-24  0.21362E-25  0.11633E-12  0.13517E-12  0.84730E-13  0.78034E+00  0.19744E-12
  0.26698E+01  0.11092E+01  0.46499E+00  0.41922E+00  0.15301E+01  0.87299E-01  0.57377E-03  0.17703E-24  0.21539E-25  0.11677E-12  0.13584E-12  0.84784E-13  0.78225E+00  0.19818E-12
  0.26598E+01  0.11114E+01  0.46644E+00  0.41967E+00  0.15303E+01  0.87491E-01  0.57228E-03  0.17811E-24  0.21718E-25  0.11720E-12  0.13651E-12  0.84838E-13  0.78418E+00  0.19892E-12
  0.26498E+01  0.11137E+01  0.46790E+00  0.42013E+00  0.15304E+01  0.87684E-01  0.57077E-03  0.17921E-24  0.21900E-25  0.11765E-12  0.13719E-12  0.84892E-13  0.78612E+00  0.19967E-12
  0.26398E+01  0.11160E+01  0.46937E+00  0.42059E+00  0.15306E+01  0.87879E-01  0.56923E-03  0.18032E-24  0.22083E-25  0.11809E-12  0.13788E-12  0.84947E-13  0.78809E+00  0.20043E-12
  0.26298E+01  0.11183E+01  0.47085E+00  0.42105E+00  0.15308E+01  0.88075E-01  0.56766E-03  0.18144E-24  0.22270E-25  0.11854E-12  0.13857E-12  0.85002E-13  0.79008E+00  0.20119E-12
  0.26198E+01  0.11206E+01  0.47234E+00  0.42152E+00  0.15309E+01  0.88272E-01  0.56608E-03  0.18258E-24  0.22458E-25  0.11899E-12  0.13926E-12  0.85057E-13  0.79210E+00  0.20196E-12
  0.26098E+01  0.11229E+01  0.47384E+00  0.42198E+00  0.15311E+01  0.88470E-01  0.56446E-03  0.18372E-24  0.22649E-25  0.11945E-12  0.13996E-12  0.85112E-13  0.79413E+00  0.20273E-12
  0.25998E+01  0.11252E+01  0.47535E+00  0.42245E+00  0.15312E+01  0.88670E-01  0.56282E-03  0.18488E-24  0.22842E-25  0.11991E-12  0.14067E-12  0.85168E-13  0.79619E+00  0.20352E-12
  0.25898E+01  0.11276E+01  0.47687E+00  0.42292E+00  0.15314E+01  0.88871E-01  0.56115E-03  0.18605E-24  0.23038E-25  0.12037E-12  0.14138E-12  0.85225E-13  0.79827E+00  0.20430E-12
  0.25798E+01  0.11299E+01  0.47840E+00  0.42340E+00  0.15315E+01  0.89074E-01  0.55946E-03  0.18723E-24  0.23237E-25  0.12084E-12  0.14210E-12  0.85281E-13  0.80038E+00  0.20510E-12
  0.25698E+01  0.11323E+01  0.47995E+00  0.42388E+00  0.15316E+01  0.89277E-01  0.55774E-03  0.18842E-24  0.23438E-25  0.12131E-12  0.14282E-12  0.85338E-13  0.80251E+00  0.20590E-12
  0.25598E+01  0.11347E+01  0.48150E+00  0.42435E+00  0.15318E+01  0.89483E-01  0.55599E-03  0.18963E-24  0.23641E-25  0.12178E-12  0.14355E-12  0.85395E-13  0.80467E+00  0.20671E-12
  0.25498E+01  0.11371E+01  0.48306E+00  0.42484E+00  0.15319E+01  0.89689E-01  0.55421E-03  0.19085E-24  0.23847E-25  0.12226E-12  0.14428E-12  0.85452E-13  0.80685E+00  0.20753E-12
  0.25398E+01  0.11395E+01  0.48464E+00  0.42532E+00  0.15321E+01  0.89897E-01  0.55240E-03  0.19208E-24  0.24056E-25  0.12274E-12  0.14502E-12  0.85510E-13  0.80906E+00  0.20835E-12
  0.25298E+01  0.11419E+01  0.48622E+00  0.42581E+00  0.15322E+01  0.90106E-01  0.55056E-03  0.19333E-24  0.24268E-25  0.12323E-12  0.14577E-12  0.85568E-13  0.81129E+00  0.20918E-12
  0.25198E+01  0.11443E+01  0.48782E+00  0.42630E+00  0.15323E+01  0.90317E-01  0.54870E-03  0.19459E-24  0.24482E-25  0.12372E-12  0.14652E-12  0.85627E-13  0.81356E+00  0.21002E-12
  0.25098E+01  0.11468E+01  0.48943E+00  0.42679E+00  0.15325E+01  0.90529E-01  0.54680E-03  0.19587E-24  0.24700E-25  0.12421E-12  0.14728E-12  0.85685E-13  0.81585E+00  0.21086E-12
  0.24998E+01  0.11492E+01  0.49105E+00  0.42729E+00  0.15326E+01  0.90743E-01  0.54487E-03  0.19715E-24  0.24920E-25  0.12471E-12  0.14805E-12  0.85744E-13  0.81818E+00  0.21171E-12
  0.24898E+01  0.11517E+01  0.49268E+00  0.42779E+00  0.15328E+01  0.90958E-01  0.54291E-03  0.19846E-24  0.25143E-25  0.12521E-12  0.14882E-12  0.85804E-13  0.82053E+00  0.21257E-12
  0.24798E+01  0.11542E+01  0.49432E+00  0.42829E+00  0.15329E+01  0.91175E-01  0.54092E-03  0.19977E-24  0.25370E-25  0.12571E-12  0.14960E-12  0.85863E-13  0.82292E+00  0.21344E-12
  0.24698E+01  0.11567E+01  0.49598E+00  0.42879E+00  0.15330E+01  0.91393E-01  0.53889E-03  0.20111E-24  0.25599E-25  0.12622E-12  0.15039E-12  0.85923E-13  0.82534E+00  0.21432E-12
  0.24598E+01  0.11592E+01  0.49764E+00  0.42930E+00  0.15332E+01  0.91613E-01  0.53683E-03  0.20245E-24  0.25831E-25  0.12673E-12  0.15118E-12  0.85984E-13  0.82779E+00  0.21520E-12
  0.24498E+01  0.11617E+01  0.49932E+00  0.42981E+00  0.15333E+01  0.91834E-01  0.53474E-03  0.20381E-24  0.26067E-25  0.12725E-12  0.15198E-12  0.86044E-13  0.83028E+00  0.21609E-12
  0.24398E+01  0.11643E+01  0.50101E+00  0.43032E+00  0.15334E+01  0.92057E-01  0.53262E-03  0.20519E-24  0.26306E-25  0.12777E-12  0.15279E-12  0.86105E-13  0.83280E+00  0.21699E-12
  0.24298E+01  0.11668E+01  0.50272E+00  0.43084E+00  0.15335E+01  0.92282E-01  0.53046E-03  0.20658E-24  0.26548E-25  0.12830E-12  0.15360E-12  0.86167E-13  0.83536E+00  0.21789E-12
  0.24198E+01  0.11694E+01  0.50443E+00  0.43136E+00  0.15337E+01  0.92508E-01  0.52826E-03  0.20799E-24  0.26793E-25  0.12883E-12  0.15442E-12  0.86228E-13  0.83796E+00  0.21881E-12
  0.24098E+01  0.11720E+01  0.50616E+00  0.43188E+00  0.15338E+01  0.92735E-01  0.52603E-03  0.20941E-24  0.27042E-25  0.12936E-12  0.15525E-12  0.86290E-13  0.84059E+00  0.21973E-12
  0.23998E+01  0.11746E+01  0.50790E+00  0.43241E+00  0.15339E+01  0.92964E-01  0.52376E-03  0.21086E-24  0.27294E-25  0.12990E-12  0.15608E-12  0.86353E-13  0.84327E+00  0.22066E-12
  0.23898E+01  0.11772E+01  0.50966E+00  0.43294E+00  0.15340E+01  0.93195E-01  0.52145E-03  0.21231E-24  0.27550E-25  0.13045E-12  0.15692E-12  0.86416E-13  0.84599E+00  0.22160E-12
  0.23798E+01  0.11799E+01  0.51143E+00  0.43347E+00  0.15342E+01  0.93428E-01  0.51910E-03  0.21379E-24  0.27810E-25  0.13099E-12  0.15777E-12  0.86479E-13  0.84875E+00  0.22255E-12
  0.23698E+01  0.11825E+01  0.51321E+00  0.43400E+00  0.15343E+01  0.93662E-01  0.51672E-03  0.21528E-24  0.28073E-25  0.13155E-12  0.15863E-12  0.86542E-13  0.85155E+00  0.22351E-12
  0.23598E+01  0.11852E+01  0.51500E+00  0.43454E+00  0.15344E+01  0.93898E-01  0.51430E-03  0.21679E-24  0.28339E-25  0.13210E-12  0.15949E-12  0.86606E-13  0.85440E+00  0.22448E-12
  0.23498E+01  0.11879E+01  0.51681E+00  0.43508E+00  0.15345E+01  0.94136E-01  0.51183E-03  0.21831E-24  0.28610E-25  0.13267E-12  0.16037E-12  0.86670E-13  0.85730E+00  0.22545E-12
  0.23398E+01  0.11906E+01  0.51864E+00  0.43563E+00  0.15346E+01  0.94375E-01  0.50933E-03  0.21986E-24  0.28885E-25  0.13323E-12  0.16125E-12  0.86734E-13  0.86025E+00  0.22644E-12
  0.23298E+01  0.11933E+01  0.52047E+00  0.43617E+00  0.15347E+01  0.94617E-01  0.50678E-03  0.22142E-24  0.29163E-25  0.13381E-12  0.16213E-12  0.86799E-13  0.86325E+00  0.22743E-12
  0.23198E+01  0.11960E+01  0.52233E+00  0.43672E+00  0.15349E+01  0.94860E-01  0.50419E-03  0.22300E-24  0.29446E-25  0.13438E-12  0.16303E-12  0.86864E-13  0.86630E+00  0.22843E-12
  0.23098E+01  0.11988E+01  0.52419E+00  0.43728E+00  0.15350E+01  0.95104E-01  0.50156E-03  0.22460E-24  0.29732E-25  0.13496E-12  0.16393E-12  0.86929E-13  0.86941E+00  0.22945E-12
  0.22998E+01  0.12015E+01  0.52607E+00  0.43784E+00  0.15351E+01  0.95351E-01  0.49888E-03  0.22622E-24  0.30023E-25  0.13555E-12  0.16485E-12  0.86995E-13  0.87257E+00  0.23047E-12
  0.22898E+01  0.12043E+01  0.52797E+00  0.43840E+00  0.15352E+01  0.95600E-01  0.49616E-03  0.22786E-24  0.30318E-25  0.13614E-12  0.16577E-12  0.87061E-13  0.87579E+00  0.23150E-12
  0.22798E+01  0.12071E+01  0.52988E+00  0.43896E+00  0.15353E+01  0.95850E-01  0.49340E-03  0.22952E-24  0.30617E-25  0.13674E-12  0.16669E-12  0.87128E-13  0.87908E+00  0.23254E-12
  0.22698E+01  0.12099E+01  0.53181E+00  0.43953E+00  0.15354E+01  0.96102E-01  0.49058E-03  0.23119E-24  0.30921E-25  0.13734E-12  0.16763E-12  0.87195E-13  0.88243E+00  0.23359E-12
  0.22598E+01  0.12128E+01  0.53375E+00  0.44010E+00  0.15355E+01  0.96357E-01  0.48772E-03  0.23289E-24  0.31229E-25  0.13795E-12  0.16858E-12  0.87262E-13  0.88584E+00  0.23466E-12
  0.22498E+01  0.12157E+01  0.53571E+00  0.44068E+00  0.15356E+01  0.96613E-01  0.48481E-03  0.23461E-24  0.31542E-25  0.13856E-12  0.16953E-12  0.87329E-13  0.88933E+00  0.23573E-12
  0.22398E+01  0.12185E+01  0.53768E+00  0.44125E+00  0.15357E+01  0.96871E-01  0.48185E-03  0.23635E-24  0.31860E-25  0.13918E-12  0.17050E-12  0.87397E-13  0.89289E+00  0.23681E-12
  0.22298E+01  0.12214E+01  0.53967E+00  0.44184E+00  0.15358E+01  0.97131E-01  0.47885E-03  0.23812E-24  0.32182E-25  0.13981E-12  0.17147E-12  0.87465E-13  0.89652E+00  0.23790E-12
  0.22198E+01  0.12243E+01  0.54168E+00  0.44242E+00  0.15359E+01  0.97393E-01  0.47579E-03  0.23990E-24  0.32509E-25  0.14044E-12  0.17245E-12  0.87534E-13  0.90023E+00  0.23901E-12
  0.22098E+01  0.12273E+01  0.54370E+00  0.44301E+00  0.15360E+01  0.97657E-01  0.47268E-03  0.24171E-24  0.32841E-25  0.14107E-12  0.17344E-12  0.87603E-13  0.90403E+00  0.24012E-12
  0.21998E+01  0.12302E+01  0.54574E+00  0.44361E+00  0.15361E+01  0.97924E-01  0.46951E-03  0.24354E-24  0.33179E-25  0.14171E-12  0.17444E-12  0.87672E-13  0.90791E+00  0.24125E-12
  0.21898E+01  0.12332E+01  0.54780E+00  0.44420E+00  0.15362E+01  0.98192E-01  0.46629E-03  0.24539E-24  0.33521E-25  0.14236E-12  0.17546E-12  0.87742E-13  0.91188E+00  0.24238E-12
  0.21798E+01  0.12362E+01  0.54987E+00  0.44480E+00  0.15363E+01  0.98462E-01  0.46302E-03  0.24726E-24  0.33869E-25  0.14301E-12  0.17648E-12  0.87812E-13  0.91595E+00  0.24353E-12
  0.21698E+01  0.12392E+01  0.55196E+00  0.44541E+00  0.15364E+01  0.98735E-01  0.45969E-03  0.24916E-24  0.34222E-25  0.14367E-12  0.17751E-12  0.87882E-13  0.92012E+00  0.24469E-12
  0.21598E+01  0.12423E+01  0.55407E+00  0.44602E+00  0.15365E+01  0.99010E-01  0.45631E-03  0.25109E-24  0.34580E-25  0.14434E-12  0.17855E-12  0.87953E-13  0.92439E+00  0.24586E-12
  0.21498E+01  0.12453E+01  0.55620E+00  0.44663E+00  0.15366E+01  0.99287E-01  0.45286E-03  0.25304E-24  0.34944E-25  0.14501E-12  0.17960E-12  0.88024E-13  0.92877E+00  0.24704E-12
  0.21398E+01  0.12484E+01  0.55835E+00  0.44725E+00  0.15367E+01  0.99566E-01  0.44936E-03  0.25501E-24  0.35314E-25  0.14569E-12  0.18066E-12  0.88096E-13  0.93327E+00  0.24824E-12
  0.21298E+01  0.12515E+01  0.56051E+00  0.44787E+00  0.15368E+01  0.99847E-01  0.44579E-03  0.25701E-24  0.35690E-25  0.14637E-12  0.18173E-12  0.88167E-13  0.93788E+00  0.24944E-12
  0.21198E+01  0.12546E+01  0.56270E+00  0.44849E+00  0.15369E+01  0.10013E+00  0.44217E-03  0.25903E-24  0.36072E-25  0.14706E-12  0.18281E-12  0.88239E-13  0.94263E+00  0.25066E-12
  0.21098E+01  0.12578E+01  0.56490E+00  0.44912E+00  0.15370E+01  0.10042E+00  0.43848E-03  0.26108E-24  0.36459E-25  0.14776E-12  0.18390E-12  0.88312E-13  0.94751E+00  0.25189E-12
  0.20998E+01  0.12610E+01  0.56712E+00  0.44976E+00  0.15371E+01  0.10071E+00  0.43472E-03  0.26316E-24  0.36853E-25  0.14846E-12  0.18500E-12  0.88385E-13  0.95254E+00  0.25314E-12
  0.20898E+01  0.12641E+01  0.56936E+00  0.45039E+00  0.15372E+01  0.10100E+00  0.43090E-03  0.26527E-24  0.37254E-25  0.14917E-12  0.18611E-12  0.88458E-13  0.95771E+00  0.25439E-12
  0.20798E+01  0.12674E+01  0.57163E+00  0.45103E+00  0.15373E+01  0.10129E+00  0.42702E-03  0.26740E-24  0.37660E-25  0.14989E-12  0.18724E-12  0.88531E-13  0.96305E+00  0.25566E-12
  0.20698E+01  0.12706E+01  0.57391E+00  0.45168E+00  0.15373E+01  0.10158E+00  0.42307E-03  0.26956E-24  0.38074E-25  0.15061E-12  0.18838E-12  0.88605E-13  0.96856E+00  0.25694E-12
  0.20598E+01  0.12739E+01  0.57621E+00  0.45233E+00  0.15374E+01  0.10188E+00  0.41904E-03  0.27176E-24  0.38494E-25  0.15134E-12  0.18952E-12  0.88680E-13  0.97425E+00  0.25824E-12
  0.20498E+01  0.12772E+01  0.57854E+00  0.45299E+00  0.15375E+01  0.10218E+00  0.41495E-03  0.27398E-24  0.38921E-25  0.15208E-12  0.19068E-12  0.88754E-13  0.98013E+00  0.25955E-12
  0.20398E+01  0.12805E+01  0.58088E+00  0.45365E+00  0.15376E+01  0.10249E+00  0.41078E-03  0.27623E-24  0.39355E-25  0.15283E-12  0.19185E-12  0.88829E-13  0.98621E+00  0.26087E-12
  0.20298E+01  0.12838E+01  0.58325E+00  0.45431E+00  0.15377E+01  0.10279E+00  0.40654E-03  0.27851E-24  0.39796E-25  0.15358E-12  0.19304E-12  0.88904E-13  0.99251E+00  0.26221E-12
  0.20198E+01  0.12872E+01  0.58564E+00  0.45498E+00  0.15378E+01  0.10310E+00  0.40223E-03  0.28082E-24  0.40245E-25  0.15434E-12  0.19423E-12  0.88980E-13  0.99905E+00  0.26356E-12
  0.20098E+01  0.12906E+01  0.58805E+00  0.45565E+00  0.15378E+01  0.10341E+00  0.39783E-03  0.28316E-24  0.40701E-25  0.15511E-12  0.19544E-12  0.89056E-13  0.10058E+01  0.26493E-12
